1 0.10546875 0.51484375 0.11171875 0.3765625
1 0.25859375 0.51875 0.18671875 0.371875
5 0.4984375 0.51640625 0.171875 0.3890625
1 0.68828125 0.51875 0.1921875 0.36796875
7 0.865625 0.39765625 0.03984375 0.0796875
0 0.925 0.396875 0.0453125 0.0796875
4 0.971875 0.3984375 0.04140625 0.08046875
1 0.84296875 0.534375 0.06875 0.08203125
1 0.98515625 0.53359375 0.021875 0.08046875
2 0.85859375 0.67109375 0.05078125 0.0859375
3 0.91171875 0.671875 0.04453125 0.084375
0 0.96484375 0.68671875 0.02734375 0.0453125