1 0.16338975694444444 0.46946614583333335 0.21048900462962966 0.8445457175925926
1 0.34601417824074077 0.4999782986111111 0.20818865740740744 0.8327980324074074
5 0.5213396990740741 0.5149667245370371 0.3111400462962963 0.8811776620370371
1 0.7598307291666666 0.551490162037037 0.20991030092592577 0.8250144675925926
7 0.9037615740740741 0.2982711226851852 0.06782407407407409 0.18061342592592589
0 0.9606047453703703 0.3042679398148148 0.07374131944444429 0.1826533564814815
4 0.9849464699074074 0.3126085069444445 0.030107060185185164 0.1821903935185185
1 0.8705078125000001 0.5938151041666666 0.05013020833333348 0.17644675925925934
1 0.9801106770833333 0.6116391782407407 0.03977864583333335 0.18038194444444455
2 0.8295572916666667 0.8933810763888889 0.07983217592592595 0.19055266203703702
3 0.8795645254629629 0.8994791666666666 0.07356770833333348 0.1767939814814814
0 0.926707175925926 0.9407913773148148 0.04178240740740735 0.09237557870370372