1 0.14813793103448275 0.5201842105263158 0.0689080459770115 0.8403421052631579
1 0.3331724137931035 0.528078947368421 0.06809195402298851 0.8280789473684211
5 0.5086206896551724 0.521921052631579 0.1661264367816092 0.8613947368421052
1 0.7499770114942529 0.528078947368421 0.07105747126436782 0.8210526315789474
7 0.8641494252873563 0.25876315789473686 0.03885057471264367 0.17718421052631578
0 0.9219885057471264 0.2570263157894737 0.04420689655172414 0.17718421052631578
4 0.966816091954023 0.2596578947368421 0.04035632183908046 0.17894736842105263
1 0.8645287356321839 0.5570263157894737 0.021229885057471264 0.1736842105263158
1 0.9802298850574712 0.559657894736842 0.021206896551724138 0.17894736842105263
2 0.857632183908046 0.8640263157894736 0.048816091954022985 0.19123684210526315
3 0.9085862068965518 0.8657894736842106 0.0434367816091954 0.18771052631578947
0 0.959919540229885 0.8991315789473685 0.026574712643678163 0.1