1 0.12890625 0.50703125 0.1078125 0.36484375
1 0.2765625 0.5109375 0.18046875 0.36015625
5 0.50859375 0.509375 0.16640625 0.3765625
1 0.6921875 0.5109375 0.1859375 0.35625
7 0.8640625 0.39453125 0.0390625 0.07734375
0 0.921875 0.39375 0.04453125 0.07734375
4 0.9671875 0.39453125 0.040625 0.078125
1 0.8421875 0.5265625 0.06640625 0.0796875
1 0.98046875 0.52578125 0.02109375 0.078125
2 0.8578125 0.65859375 0.0484375 0.08359375
3 0.90859375 0.659375 0.04375 0.08203125
0 0.96015625 0.67421875 0.0265625 0.04375