1 0.1484375 0.5205078125 0.0693359375 0.8408203125
1 0.3330078125 0.5283203125 0.068359375 0.828125
5 0.5087890625 0.521484375 0.166015625 0.861328125
1 0.75 0.5283203125 0.0712890625 0.8212890625
7 0.8642578125 0.2587890625 0.0390625 0.1767578125
0 0.921875 0.2568359375 0.0439453125 0.1767578125
4 0.966796875 0.259765625 0.0400390625 0.1787109375
1 0.8642578125 0.556640625 0.021484375 0.173828125
1 0.98046875 0.5595703125 0.021484375 0.1787109375
2 0.857421875 0.8642578125 0.048828125 0.19140625
3 0.908203125 0.8662109375 0.04296875 0.1875
0 0.9599609375 0.8994140625 0.0263671875 0.099609375