1 0.1484375 0.50859375 0.06875 0.3671875
1 0.3328125 0.51171875 0.06796875 0.36171875
5 0.50859375 0.509375 0.16640625 0.3765625
1 0.75 0.51171875 0.07109375 0.35859375
7 0.8640625 0.39453125 0.0390625 0.07734375
0 0.921875 0.39375 0.04453125 0.07734375
4 0.9671875 0.39453125 0.040625 0.078125
1 0.86484375 0.52421875 0.02109375 0.07578125
1 0.98046875 0.52578125 0.02109375 0.078125
2 0.8578125 0.65859375 0.0484375 0.08359375
3 0.90859375 0.659375 0.04375 0.08203125
0 0.96015625 0.67421875 0.0265625 0.04375