1 0.1290870949074074 0.4928168402777778 0.158203125 0.8465711805555555
1 0.3119212962962963 0.5092447916666667 0.1557436342592593 0.8328559027777778
5 0.48748553240740744 0.5111979166666667 0.2588252314814814 0.8761284722222222
1 0.7268518518518519 0.529296875 0.15943287037037046 0.8270833333333334
7 0.8693214699074074 0.2656032986111111 0.05743634259259256 0.18081597222222223
0 0.9268663194444444 0.2662760416666667 0.06329571759259256 0.18094618055555556
4 0.966724537037037 0.2702690972222222 0.05164930555555536 0.1826388888888889
1 0.837818287037037 0.5629340277777778 0.03971354166666652 0.17651909722222214
1 0.9536313657407407 0.57109375 0.03985821759259256 0.18042534722222214
2 0.7981409143518519 0.8702039930555555 0.06973379629629628 0.19670138888888888
3 0.8487413194444444 0.8739583333333334 0.06365740740740744 0.19071180555555545
0 0.8961950231481481 0.909982638888889 0.03696469907407396 0.10230034722222214