1 0.6572222222222222 0.23402777777777778 0.05559027777777779 0.21753472222222223
8 0.77453125 0.24210069444444446 0.15538194444444448 0.24552083333333333
1 0.4855034722222221 0.2372395833333333 0.07222222222222215 0.2280555555555555
5 0.7913020833333333 0.50484375 0.1496701388888889 0.2696006944444445
8 0.6170833333333333 0.5009722222222222 0.1628819444444444 0.26677083333333335
7 0.83765625 0.7284201388888889 0.10451388888888893 0.17020833333333343
7 0.716579861111111 0.7265104166666666 0.10217013888888893 0.17015624999999995
7 0.31305555555555553 0.7698611111111111 0.0484375 0.07135416666666679
2 0.4255729166666667 0.7731423611111111 0.050138888888889 0.07763888888888885
1 0.19593750000000001 0.7703819444444445 0.019513888888888876 0.06993055555555543
1 0.07878472222222221 0.7693402777777778 0.02171875000000001 0.06373263888888889
3 0.11550347222222221 0.77015625 0.03993055555555554 0.0750694444444445
8 0.22881944444444446 0.774236111111111 0.04543402777777779 0.07675347222222229