1 0.5988136574074074 0.20325520833333335 0.08097511574074057 0.21744791666666669
8 0.7075014467592593 0.19114583333333332 0.1786458333333334 0.25703125
1 0.43916377314814814 0.23821614583333334 0.09924768518518512 0.23033854166666667
5 0.7288194444444445 0.43873697916666665 0.17612847222222228 0.2802083333333334
8 0.5676215277777777 0.46699218750000004 0.18773148148148144 0.27903645833333335
7 0.7779007523148148 0.6445963541666666 0.11956018518518507 0.1791666666666667
7 0.66484375 0.6647786458333333 0.11749131944444446 0.17708333333333326
7 0.2913556134259259 0.7791666666666667 0.053110532407407374 0.07552083333333326
2 0.396484375 0.7614583333333333 0.05736400462962965 0.08164062499999991
1 0.18208912037037037 0.8010416666666667 0.02748842592592593 0.06992187499999991
1 0.07397280092592592 0.819921875 0.02909432870370371 0.06419270833333335
3 0.10832609953703703 0.8147135416666667 0.04736689814814815 0.07708333333333339
8 0.21345486111111112 0.7970052083333333 0.05334201388888887 0.07942708333333326