1 0.6116391782407407 0.2591218171296296 0.0824797453703705 0.21514756944444446
8 0.7197482638888888 0.2525679976851852 0.17732928240740753 0.25503472222222223
1 0.45525173611111114 0.2827835648148148 0.09845196759259256 0.22732928240740735
5 0.7720486111111111 0.5029224537037037 0.17607060185185186 0.2784143518518518
8 0.6125578703703703 0.5206380208333333 0.18773148148148144 0.2768084490740741
7 0.8465422453703704 0.7119791666666666 0.12038483796296306 0.1772424768518519
7 0.7347583912037037 0.7262297453703703 0.11843171296296306 0.1771846064814815
7 0.373509837962963 0.8169994212962963 0.05487557870370363 0.07382812499999991
2 0.47662037037037036 0.806394675925926 0.05700231481481477 0.07974537037037033
1 0.2666377314814815 0.8323712384259259 0.02741608796296302 0.06911168981481497
1 0.15967881944444445 0.8448133680555555 0.029195601851851882 0.06331018518518516
3 0.1937427662037037 0.841919849537037 0.047178819444444464 0.07750289351851847
8 0.2978298611111111 0.8313440393518519 0.05309606481481488 0.07962962962962972