1 0.6390625 0.2671875 0.046875 0.20078125
8 0.7484375 0.271875 0.1390625 0.225
1 0.4796875 0.2734375 0.0625 0.2109375
5 0.7578125 0.515625 0.13359375 0.246875
8 0.596875 0.515625 0.1453125 0.24453125
7 0.79609375 0.721875 0.09375 0.15625
7 0.68359375 0.72265625 0.09140625 0.15625
7 0.30859375 0.771875 0.04296875 0.06484375
2 0.4125 0.77265625 0.0453125 0.07109375
1 0.19921875 0.775 0.01640625 0.0640625
1 0.090625 0.77578125 0.01875 0.05859375
3 0.125 0.77578125 0.03515625 0.06875
8 0.2296875 0.77734375 0.040625 0.0703125