1 0.6396484375 0.2578125 0.046875 0.208984375
8 0.748046875 0.263671875 0.1396484375 0.2333984375
1 0.4794921875 0.2646484375 0.0625 0.21875
5 0.7578125 0.5166015625 0.1337890625 0.2568359375
8 0.5966796875 0.5166015625 0.1455078125 0.25390625
7 0.796875 0.7314453125 0.09375 0.162109375
7 0.68359375 0.732421875 0.091796875 0.162109375
7 0.30859375 0.783203125 0.04296875 0.0673828125
2 0.4130859375 0.783203125 0.044921875 0.0732421875
1 0.19921875 0.7861328125 0.0166015625 0.06640625
1 0.0908203125 0.787109375 0.0185546875 0.060546875
3 0.125 0.787109375 0.03515625 0.0712890625
8 0.23046875 0.7880859375 0.041015625 0.0732421875