1 0.6393303571428571 0.2581206496519722 0.04712053571428571 0.2088167053364269
8 0.748125 0.2632018561484919 0.13917410714285713 0.23348027842227378
1 0.4796205357142857 0.26464037122969836 0.0625 0.21897911832946634
5 0.7580357142857144 0.5168213457076566 0.13383928571428572 0.25696055684454755
8 0.5964955357142857 0.516844547563805 0.14562499999999998 0.25403712296983755
7 0.7964285714285715 0.7312296983758702 0.09345982142857143 0.16215777262180975
7 0.6839732142857143 0.7320185614849188 0.09176339285714286 0.16215777262180975
7 0.3087723214285715 0.7830626450116009 0.043236607142857146 0.06756380510440836
2 0.41281249999999997 0.7834106728538283 0.04517857142857142 0.07368909512761021
1 0.1994642857142857 0.7861252900232019 0.016339285714285716 0.0668677494199536
1 0.09049107142857142 0.7871461716937355 0.018995535714285715 0.06074245939675174
3 0.12495535714285713 0.7871461716937355 0.03540178571428571 0.07164733178654292
8 0.23 0.7885150812064966 0.040625 0.07301624129930394