5 0.734375 0.31640625 0.14296875 0.19921875
2 0.5859375 0.3265625 0.115625 0.19453125
1 0.4796875 0.3296875 0.04296875 0.18828125
6 0.75703125 0.5234375 0.1359375 0.209375
9 0.59453125 0.53359375 0.13828125 0.21484375
2 0.8015625 0.7125 0.08359375 0.15546875
9 0.6890625 0.72109375 0.0859375 0.15859375
1 0.15703125 0.79921875 0.021875 0.0546875
0 0.2078125 0.79375 0.0390625 0.065625
6 0.24921875 0.790625 0.034375 0.06640625
1 0.33828125 0.78359375 0.015625 0.05390625
1 0.440625 0.7765625 0.01484375 0.0546875