5 0.734375 0.29296875 0.1435546875 0.2255859375
2 0.5859375 0.3037109375 0.115234375 0.2197265625
1 0.4794921875 0.3076171875 0.04296875 0.212890625
6 0.7578125 0.52734375 0.1357421875 0.2373046875
9 0.5947265625 0.5380859375 0.138671875 0.2431640625
2 0.80078125 0.740234375 0.083984375 0.17578125
9 0.689453125 0.75 0.0859375 0.1796875
1 0.1572265625 0.8388671875 0.0224609375 0.0615234375
0 0.2080078125 0.83203125 0.0390625 0.07421875
6 0.25 0.8291015625 0.0341796875 0.0751953125
1 0.3388671875 0.8212890625 0.015625 0.060546875
1 0.4404296875 0.8134765625 0.0146484375 0.0615234375