5 0.7337962962962963 0.3277416087962963 0.16290509259259256 0.23699363425925934
2 0.5842737268518519 0.32624421296296297 0.1352719907407407 0.22837094907407407
1 0.4779007523148148 0.32113715277777777 0.06264467592592593 0.21646412037037033
6 0.7358217592592593 0.5634114583333334 0.15747974537037024 0.2485387731481481
9 0.5726634837962963 0.5605324074074074 0.1596498842592593 0.2544560185185185
2 0.7600911458333333 0.7792100694444445 0.10040509259259256 0.18246527777777777
9 0.6476417824074074 0.7797887731481481 0.1025028935185186 0.18642939814814818
1 0.10926649305555555 0.8244502314814814 0.027705439814814825 0.06325231481481497
0 0.16116898148148145 0.8220775462962964 0.04578993055555558 0.07744502314814827
6 0.20319733796296297 0.8223451967592592 0.03993055555555558 0.07727141203703702
1 0.2921730324074074 0.8220486111111112 0.02177372685185186 0.06112557870370372
1 0.39384403935185186 0.8221281828703704 0.01989293981481488 0.0630208333333333