5 0.7263107638888889 0.33120659722222223 0.18499999999999997 0.24571759259259257
2 0.5555902777777778 0.33674768518518516 0.1520138888888889 0.2366898148148148
1 0.4336111111111111 0.3365740740740741 0.06890625000000003 0.2203414351851852
6 0.7405815972222223 0.5687644675925926 0.17743055555555554 0.2563657407407408
9 0.5542274305555555 0.5744936342592593 0.17991319444444437 0.26270254629629636
2 0.7802083333333334 0.7862268518518518 0.11189236111111107 0.18758680555555554
9 0.6520920138888889 0.7913628472222223 0.11512152777777782 0.19239004629629636
1 0.03947048611111111 0.8613570601851851 0.03111111111111111 0.06516203703703702
0 0.09762152777777777 0.8568576388888889 0.05251736111111112 0.08000578703703702
6 0.14606770833333332 0.8554542824074074 0.04704861111111112 0.07980324074074083
1 0.2479861111111111 0.8501157407407408 0.023263888888888928 0.06331018518518547
1 0.36559027777777775 0.8469328703703705 0.023281249999999965 0.06409143518518512