5 0.7345169082125603 0.2926502732240437 0.1433574879227053 0.22576502732240436
2 0.5857729468599033 0.3041530054644809 0.11541062801932367 0.2200273224043716
1 0.4796376811594203 0.30773224043715847 0.042971014492753624 0.21281420765027323
6 0.7573913043478261 0.5270218579234972 0.13572463768115942 0.23726775956284155
9 0.5946859903381643 0.538551912568306 0.13828502415458938 0.2430327868852459
2 0.8012560386473431 0.7405737704918033 0.08359903381642513 0.17543715846994534
9 0.6893719806763284 0.7499180327868853 0.08615942028985507 0.17975409836065576
1 0.1572463768115942 0.8384426229508197 0.021980676328502414 0.06158469945355191
0 0.20772946859903382 0.8321857923497268 0.03932367149758454 0.07407103825136611
6 0.24954106280193236 0.8290710382513661 0.03458937198067633 0.07497267759562842
1 0.33867149758454107 0.8210382513661202 0.015628019323671496 0.06068306010928962
1 0.44082125603864736 0.8134426229508197 0.014830917874396134 0.06158469945355191