5 0.7170138888888888 0.30384837962962963 0.15795717592592595 0.22870370370370374
2 0.5679398148148148 0.3123914930555556 0.12819733796296306 0.22045717592592595
1 0.46126302083333337 0.31472077546296295 0.05558449074074079 0.21352719907407414
6 0.7265625 0.5385706018518519 0.15083912037037028 0.2403067129629628
9 0.5628399884259259 0.5468967013888888 0.15302372685185173 0.244241898148148
2 0.7569155092592592 0.7520978009259258 0.09440104166666652 0.17702546296296306
9 0.6450086805555555 0.7602141203703703 0.09658564814814818 0.18096064814814827
1 0.10751591435185184 0.8411964699074075 0.02714120370370371 0.06284722222222205
0 0.15870225694444445 0.8351128472222222 0.04346064814814815 0.07479745370370372
6 0.20086805555555556 0.8328052662037038 0.03955439814814815 0.0747395833333333
1 0.29019820601851853 0.8263093171296296 0.01921296296296293 0.060778356481481444
1 0.39222366898148153 0.8200014467592592 0.019328703703703765 0.06273148148148144