7 0.7488768898488122 0.2888532110091743 0.12252699784017278 0.20213302752293577
2 0.5963498920086393 0.3024770642201835 0.13064794816414688 0.21502293577981652
1 0.49038876889848815 0.30461009174311926 0.04833693304535637 0.19064220183486238
5 0.7650755939524838 0.5282339449541285 0.14140388768898488 0.24227064220183486
9 0.6057883369330453 0.5347018348623853 0.14414686825053993 0.2408256880733945
9 0.6942116630669547 0.7403899082568808 0.08609071274298057 0.17059633027522936
0 0.8021814254859612 0.7411238532110092 0.09956803455723542 0.1720183486238532
1 0.43643628509719223 0.7871788990825688 0.016069114470842333 0.05896788990825688
1 0.3323110151187905 0.7884174311926605 0.013002159827213823 0.061444954128440366
8 0.2432181425485961 0.7925229357798166 0.040021598272138234 0.06963302752293578
1 0.14952483801295896 0.7925229357798166 0.01920086393088553 0.05979357798165138
0 0.20041036717062635 0.7929128440366972 0.037710583153347736 0.07536697247706423