7 0.7490234375 0.2890625 0.1220703125 0.2021484375
2 0.5966796875 0.302734375 0.130859375 0.21484375
1 0.490234375 0.3046875 0.0478515625 0.1904296875
5 0.7646484375 0.5283203125 0.1416015625 0.2421875
9 0.60546875 0.53515625 0.14453125 0.2412109375
9 0.6943359375 0.740234375 0.0859375 0.1708984375
0 0.8017578125 0.7412109375 0.099609375 0.171875
1 0.4365234375 0.787109375 0.015625 0.05859375
1 0.33203125 0.7880859375 0.0126953125 0.0615234375
8 0.2431640625 0.79296875 0.0400390625 0.0693359375
1 0.1494140625 0.79296875 0.01953125 0.0595703125
0 0.2001953125 0.79296875 0.0380859375 0.0751953125