7 0.8457725694444445 0.3306163194444444 0.14700231481481474 0.2227256944444445
2 0.6709895833333333 0.33845486111111106 0.15658564814814824 0.23699652777777783
1 0.5498958333333334 0.3357638888888889 0.062418981481481416 0.20678819444444443
5 0.8552459490740741 0.5879427083333333 0.16952546296296306 0.26696180555555565
9 0.6739380787037037 0.5878211805555555 0.1726273148148149 0.26546875000000014
9 0.7675086805555555 0.8130208333333332 0.10429398148148153 0.18663194444444428
0 0.8901244212962963 0.8184809027777777 0.11916087962962969 0.18852430555555558
1 0.4723177083333333 0.8510069444444444 0.019687499999999858 0.06369791666666699
1 0.35357349537037036 0.8479774305555555 0.016597222222222197 0.06597222222222214
8 0.2519762731481482 0.8480642361111113 0.04799768518518519 0.07682291666666644
1 0.14497395833333332 0.8437326388888888 0.023605324074074074 0.064565972222222
0 0.2027633101851852 0.8465798611111112 0.04574652777777777 0.08302083333333314