7 0.74921875 0.30078125 0.12265625 0.190625
2 0.59609375 0.3140625 0.13046875 0.20234375
1 0.490625 0.315625 0.0484375 0.1796875
5 0.76484375 0.5265625 0.14140625 0.228125
9 0.60546875 0.5328125 0.14453125 0.2265625
9 0.69453125 0.72578125 0.0859375 0.1609375
0 0.80234375 0.7265625 0.09921875 0.16171875
1 0.43671875 0.7703125 0.01640625 0.05546875
1 0.33203125 0.77109375 0.01328125 0.0578125
8 0.24296875 0.775 0.03984375 0.065625
1 0.14921875 0.775 0.01953125 0.05625
0 0.20078125 0.77578125 0.0375 0.07109375