7 0.7533058449074075 0.2779658564814815 0.12410300925925943 0.20491898148148147
2 0.6011646412037037 0.29389467592592594 0.13404224537037024 0.2167824074074074
1 0.4947482638888889 0.2974247685185185 0.04971064814814807 0.19210069444444444
5 0.7724754050925926 0.5169921875 0.14421296296296293 0.24427083333333344
9 0.6133969907407407 0.5261863425925926 0.14811921296296293 0.24432870370370363
9 0.7053023726851853 0.7299479166666667 0.0884837962962961 0.17314814814814827
0 0.8127387152777777 0.7293330439814815 0.10215567129629632 0.1733506944444445
1 0.44818431712962964 0.7806423611111111 0.01649305555555558 0.058825231481481666
1 0.3437065972222222 0.7831669560185186 0.012644675925925997 0.06267361111111125
8 0.2549117476851852 0.7893663194444445 0.04010416666666661 0.07089120370370372
1 0.1611617476851852 0.7907552083333333 0.02039930555555558 0.05888310185185186
0 0.21194299768518518 0.7900028935185185 0.040162037037037024 0.07479745370370372