7 0.7577907986111111 0.3182725694444445 0.13411458333333326 0.21063368055555554
2 0.6061414930555555 0.3271267361111111 0.14440104166666679 0.22278645833333333
1 0.5008463541666667 0.3263454861111111 0.05928819444444433 0.19366319444444446
5 0.7879123263888889 0.557421875 0.15733506944444442 0.2506510416666665
9 0.6301432291666667 0.56015625 0.15928819444444442 0.25073784722222214
9 0.7309678819444445 0.7673611111111112 0.09748263888888875 0.17586805555555562
0 0.8383897569444445 0.7721354166666667 0.11124131944444438 0.17842881944444455
1 0.4764322916666667 0.8077039930555556 0.02018229166666674 0.05937500000000018
1 0.3720703125 0.8059895833333333 0.016449652777777768 0.06310763888888893
8 0.28350694444444446 0.8088758680555556 0.044140625000000044 0.07213541666666656
1 0.18980034722222222 0.8056857638888888 0.024175347222222254 0.06150173611111098
0 0.24053819444444444 0.8069661458333333 0.04244791666666664 0.07790798611111116