2 0.54453125 0.3453125 0.0734375 0.10859375
1 0.45625 0.3484375 0.07734375 0.12265625
1 0.37890625 0.3546875 0.0703125 0.11015625
7 0.46953125 0.47421875 0.08125 0.11171875
7 0.54921875 0.47109375 0.078125 0.11328125
8 0.56015625 0.5953125 0.059375 0.0953125
7 0.49921875 0.5921875 0.0671875 0.10234375
7 0.3703125 0.58671875 0.025 0.05078125
1 0.3484375 0.59453125 0.02265625 0.05
3 0.49375 0.27109375 0.0265625 0.05546875
0 0.53515625 0.26875 0.025 0.046875
8 0.56171875 0.2671875 0.03203125 0.0453125