1 0.6234375 0.31640625 0.090625 0.128125
1 0.51875 0.3296875 0.08671875 0.146875
1 0.4109375 0.334375 0.10234375 0.1390625
9 0.64140625 0.46953125 0.0875 0.1390625
7 0.54140625 0.478125 0.09140625 0.1453125
3 0.55625 0.21640625 0.03984375 0.0625
1 0.6140625 0.21640625 0.03359375 0.053125
3 0.64296875 0.21484375 0.03515625 0.0609375
2 0.675 0.621875 0.07421875 0.1203125
8 0.596875 0.6265625 0.0859375 0.1234375
9 0.44296875 0.63359375 0.03984375 0.065625
1 0.40703125 0.63671875 0.02890625 0.06796875