1 0.61328125 0.3359375 0.1125 0.146875
1 0.49765625 0.3421875 0.1 0.1609375
1 0.3828125 0.3421875 0.0890625 0.1546875
9 0.6203125 0.515625 0.103125 0.15625
7 0.50703125 0.5109375 0.0953125 0.14375
1 0.503125 0.2265625 0.05703125 0.078125
2 0.546875 0.21796875 0.04296875 0.078125
4 0.60625 0.21328125 0.0515625 0.07265625
9 0.6453125 0.2140625 0.040625 0.07734375
8 0.56328125 0.68515625 0.07890625 0.1375
2 0.6484375 0.68125 0.08125 0.13671875
9 0.3921875 0.67890625 0.04453125 0.071875
1 0.34765625 0.67890625 0.053125 0.06484375