1 0.48125 0.2859375 0.08046875 0.1515625
1 0.3609375 0.28125 0.10234375 0.13984375
2 0.584375 0.3 0.1109375 0.15703125
7 0.575 0.46640625 0.1 0.14921875
7 0.4640625 0.45625 0.096875 0.16484375
8 0.5162500975865931 0.7139756944444444 0.6019502680652733 0.7204861111111113 0.6247313260406184 0.5946180555555556 0.5414055718315972 0.5848524305555556 0.5422855924155592 0.5859375 0.5162500975865931 0.7139756944444444
7 0.5129956607329724 0.7161458333333334 0.5455400292691801 0.5718315972222222 0.4546000162760417 0.5577256944444444 0.4305499271079135 0.6976996527777779 0.5129956607329724 0.7161458333333334
7 0.3329168214992908 0.6423611111111113 0.3372560706374518 0.5815972222222222 0.2896694607204861 0.5740017361111112 0.2808458318413587 0.6347656250000001 0.3329168214992908 0.6423611111111113
1 0.2873547055486002 0.6391059027777778 0.28952433011768075 0.5772569444444444 0.26891289671141594 0.576171875 0.26891289671141594 0.5761718750000001 0.2690531412760417 0.5772569444444444 0.2624040230041745 0.6315104166666667 0.2873547055486002 0.6391059027777778
1 0.5097412238793518 0.20941840277777782 0.5270982204319958 0.15299479166666669 0.4791666666666667 0.13888888888888892 0.4618055555555557 0.19748263888888892 0.5097412238793518 0.20941840277777782
3 0.5086564115948115 0.20941840277777782 0.5477096538382605 0.22026909722222227 0.563106960720486 0.14973958333333334 0.5260134081474555 0.14322916666666669 0.5086564115948115 0.20941840277777782
4 0.6008654557807327 0.21484375 0.6171376400488364 0.15625 0.5761277940538194 0.15190972222222224 0.5683210872445253 0.20616319444444448 0.6008654557807327 0.21484375
0 0.6410035103087223 0.21918402777777782 0.657275694576826 0.16167534722222227 0.616275363498264 0.1540798611111111 0.6041198926343536 0.21158854166666669 0.6410035103087223 0.21918402777777782