0 0.49375 0.31328125 0.0375 0.05546875
3 0.53828125 0.31015625 0.03046875 0.059375
8 0.5703125 0.30859375 0.03359375 0.06640625
1 0.36953125 0.40625 0.08359375 0.12890625
2 0.45859375 0.40234375 0.06953125 0.1359375
2 0.54921875 0.39453125 0.078125 0.125
6 0.4609375 0.53203125 0.07109375 0.11796875
8 0.55703125 0.53359375 0.0859375 0.11484375
1 0.57578125 0.659375 0.059375 0.09765625
6 0.51171875 0.6625 0.065625 0.11171875
9 0.38203125 0.65859375 0.0390625 0.05234375
2 0.34921875 0.65625 0.03046875 0.0640625