0 0.49921875 0.33046875 0.040625 0.059375
3 0.54609375 0.3265625 0.0328125 0.0640625
8 0.58046875 0.32578125 0.0359375 0.07109375
1 0.36484375 0.43046875 0.0890625 0.13828125
2 0.4609375 0.42578125 0.07421875 0.1453125
2 0.5578125 0.4171875 0.08359375 0.13359375
6 0.46328125 0.565625 0.0765625 0.1265625
8 0.56640625 0.5671875 0.0921875 0.1234375
1 0.5859375 0.70234375 0.0640625 0.1046875
6 0.5171875 0.7046875 0.07109375 0.11953125
9 0.378125 0.70078125 0.04140625 0.05546875
2 0.34375 0.69765625 0.03203125 0.06875