1 0.60859375 0.31875 0.121875 0.1578125
1 0.484375 0.325 0.1078125 0.1734375
1 0.359375 0.325 0.09609375 0.1671875
9 0.615625 0.5125 0.11171875 0.16796875
7 0.49453125 0.5078125 0.103125 0.15546875
1 0.4890625 0.20078125 0.06171875 0.084375
2 0.53671875 0.19140625 0.046875 0.084375
4 0.60078125 0.18671875 0.05625 0.078125
9 0.64296875 0.1875 0.04453125 0.0828125
8 0.5546875 0.6953125 0.08515625 0.1484375
2 0.64609375 0.69140625 0.0875 0.14765625
9 0.3703125 0.6890625 0.04765625 0.07734375
1 0.321875 0.6890625 0.05703125 0.0703125