1 0.4484375 0.290625 0.08515625 0.15390625
1 0.33515625 0.2890625 0.0890625 0.15859375
2 0.56015625 0.2875 0.08828125 0.15625
7 0.57421875 0.4625 0.10234375 0.16640625
7 0.4546875 0.46015625 0.09453125 0.15078125
7 0.50703125 0.6375 0.0875 0.13984375
8 0.58828125 0.646875 0.08359375 0.1359375
7 0.32109375 0.62734375 0.04140625 0.06640625
1 0.28515625 0.63828125 0.034375 0.05625
1 0.459375 0.18125 0.0375 0.06953125
3 0.5 0.18046875 0.0328125 0.071875
4 0.553125 0.175 0.0390625 0.0640625
0 0.59140625 0.17421875 0.046875 0.059375