1 0.45625 0.2859375 0.084375 0.1515625
1 0.334375 0.2859375 0.08515625 0.15390625
2 0.56875 0.2890625 0.1078125 0.1703125
7 0.5671875 0.4640625 0.10390625 0.15625
7 0.45 0.4609375 0.1046875 0.1578125
7 0.50234375 0.65078125 0.07421875 0.1453125
8 0.5765625 0.65390625 0.08359375 0.140625
7 0.3125 0.62734375 0.04296875 0.065625
1 0.278125 0.6328125 0.025 0.0765625
1 0.46171875 0.17421875 0.05546875 0.065625
3 0.5046875 0.17421875 0.0359375 0.0671875
4 0.559375 0.17421875 0.03984375 0.071875
0 0.60078125 0.17421875 0.05234375 0.07109375