1 0.4453125 0.27109375 0.0890625 0.159375
1 0.328125 0.26953125 0.0921875 0.16484375
2 0.5609375 0.26796875 0.0921875 0.16171875
7 0.57578125 0.44921875 0.10625 0.17265625
7 0.4515625 0.446875 0.09765625 0.15625
7 0.50625 0.63125 0.090625 0.1453125
8 0.590625 0.64140625 0.08671875 0.140625
7 0.31328125 0.62109375 0.04296875 0.06875
1 0.27578125 0.63125 0.0359375 0.05859375
1 0.45703125 0.1578125 0.0390625 0.071875
3 0.49921875 0.15625 0.03359375 0.07421875
4 0.55390625 0.1515625 0.040625 0.06640625
0 0.59375 0.15 0.0484375 0.06171875