3 0.6510394513549308 0.10676484123331802 0.5960617521859181 0.09526000920386561 0.5946791348913061 0.09641049240681088 0.5705247135497528 0.16313851817763464 0.6199837667729335 0.18269673262770364 0.6510394513549308 0.10676484123331802
1 0.6692792222733547 0.09295904279797515 0.6324637597791071 0.194201564657156 0.6866970687487088 0.1976530142659917 0.717752753330706 0.11481822365393464 0.6692792222733547 0.09295904279797515
3 0.7143010310589992 0.1251725724804418 0.6843955570170759 0.20340543028071786 0.7304039786200348 0.21145881270133454 0.760309452661958 0.1343764381040037 0.7161413679231176 0.12333179935572938 0.7143010310589992 0.1251725724804418
1 0.5003618706052407 0.15278416935112749 0.4165863725264611 0.12862402208927748 0.3759060055223194 0.11942015646571565 0.32758571099861944 0.2954440865163369 0.44285134360154216 0.3219052001840773 0.5003618706052407 0.15278416935112749
1 0.5082115738610217 0.15853658536585363 0.45298838011965026 0.31845375057524156 0.5555719765287913 0.3437643810400368 0.6153829246126378 0.18269673262770364 0.5082115738610217 0.15853658536585363
1 0.5866265704593033 0.7234238380119649 0.6280341499019662 0.5934192360791531 0.563434767602393 0.5704095720202484 0.5519299355729406 0.5876668200644269 0.534672687528762 0.6474919466175794 0.5174154394845834 0.6958122411412794 0.5866265704593033 0.7234238380119649
4 0.6213723826507133 0.18269673262770364 0.5751255557100488 0.344914864242982 0.683245346477002 0.37942936033133917 0.7304039786200348 0.21606074551311555 0.6213723826507133 0.18269673262770364
8 0.564773660849383 0.3621721122871606 0.4568532846295444 0.33341003221352966 0.42882823285780025 0.3851817763460653 0.3876412376779916 0.500230096640589 0.49231039682472266 0.5370455591348366 0.564773660849383 0.3621721122871606
8 0.5613230292291611 0.5692590888173032 0.45915425103543483 0.534744592728946 0.4589542911625776 0.5358950759318915 0.4083450273993229 0.6624482282558675 0.5130141865460542 0.6969627243442246 0.5613230292291611 0.5692590888173032
2 0.6855457675571498 0.3989875747814082 0.5751255557100488 0.3667740450989415 0.573975345169975 0.3667740450989415 0.5130141865460545 0.5266912103083294 0.6326360827137474 0.557754256787851 0.6855457675571498 0.3989875747814082
2 0.30712649987281343 0.5197883110906582 0.2739264553612517 0.5071329958582604 0.2608576852277957 0.5301426599171652 0.24616534124889294 0.5658076392084675 0.27837123637096434 0.5784629544408652 0.30712649987281343 0.5197883110906582
0 0.3367895766221814 0.5600552231937412 0.3498583467556374 0.5289921767142199 0.30712649987281354 0.5128854118729866 0.28527249961140805 0.5738610216290841 0.31977881581362705 0.5957202024850438 0.3367895766221814 0.5600552231937412