1 0.46015625 0.28828125 0.0828125 0.1484375
1 0.34140625 0.2890625 0.0828125 0.15078125
2 0.5703125 0.2921875 0.10546875 0.16640625
7 0.56875 0.46328125 0.10234375 0.153125
7 0.45390625 0.46015625 0.103125 0.1546875
7 0.5046875 0.64609375 0.07265625 0.1421875
8 0.57734375 0.64921875 0.08125 0.1375
7 0.31953125 0.6234375 0.0421875 0.0640625
1 0.2859375 0.62890625 0.025 0.075
1 0.465625 0.1796875 0.05390625 0.0640625
3 0.5078125 0.1796875 0.03515625 0.06640625
4 0.5609375 0.1796875 0.0390625 0.0703125
0 0.6015625 0.17890625 0.0515625 0.06953125