2 0.56484375 0.303125 0.0796875 0.11796875
1 0.46953125 0.30625 0.084375 0.1328125
1 0.3859375 0.31328125 0.07578125 0.11953125
7 0.48359375 0.44296875 0.08828125 0.12109375
7 0.5703125 0.43984375 0.08515625 0.12265625
8 0.58203125 0.575 0.06484375 0.10390625
7 0.515625 0.57109375 0.07265625 0.1109375
7 0.3765625 0.56484375 0.0265625 0.05546875
1 0.353125 0.5734375 0.02421875 0.05390625
3 0.5109375 0.22265625 0.02890625 0.06015625
0 0.55546875 0.2203125 0.0265625 0.05078125
8 0.58359375 0.21796875 0.034375 0.04921875