1 0.49140625 0.21640625 0.08984375 0.16953125
1 0.35703125 0.21171875 0.11484375 0.15625
2 0.60703125 0.23203125 0.12421875 0.17578125
7 0.596875 0.41875 0.1125 0.16640625
7 0.471875 0.40703125 0.1078125 0.18359375
8 0.6521873666007693 0.5618932038834952 0.5589919599514562 0.5509708737864077 0.5599762159832273 0.5521844660194175 0.5308569052618982 0.6953883495145631 0.6267079697196066 0.7026699029126214 0.6521873666007693 0.5618932038834952
7 0.4619045813106796 0.520631067961165 0.4350058408041906 0.6771844660194175 0.5272169914217323 0.6978155339805825 0.5636161298233935 0.5364077669902911 0.4619045813106796 0.520631067961165
7 0.27743856189320387 0.5388349514563107 0.26756980415654874 0.6067961165048544 0.32580842559920675 0.6152912621359224 0.3306616440527616 0.5473300970873786 0.27743856189320387 0.5388349514563107
1 0.254223453409273 0.5412621359223301 0.254223453409273 0.5412621359223302 0.2543803094660194 0.5424757281553398 0.24694362572894074 0.6031553398058253 0.27484963183688105 0.6116504854368932 0.27727624106365845 0.5424757281553398 0.254223453409273 0.5412621359223301
1 0.4893810679611651 0.052184466019417494 0.46996359223300976 0.11771844660194178 0.5235770775815664 0.13106796116504854 0.5429899513957855 0.06796116504854369 0.4893810679611651 0.052184466019417494
3 0.5832638046116505 0.06432038834951456 0.5417766467823967 0.05703883495145633 0.5223637729681774 0.13106796116504854 0.566042739050171 0.14320388349514565 0.5832638046116505 0.06432038834951456
4 0.5978269114077669 0.06674757281553398 0.5890955267045564 0.12742718446601944 0.6254946651062175 0.13713592233009708 0.6436942343070482 0.07160194174757281 0.5978269114077669 0.06674757281553398
0 0.6427298240291262 0.0691747572815534 0.6291345789463838 0.13349514563106796 0.6703869358016 0.14199029126213594 0.6885865050024307 0.07766990291262138 0.6427298240291262 0.0691747572815534