1 0.62265625 0.31640625 0.08984375 0.12734375
1 0.51875 0.3296875 0.08671875 0.146875
1 0.4109375 0.33359375 0.10234375 0.13828125
9 0.640625 0.46875 0.08671875 0.1390625
7 0.540625 0.4765625 0.090625 0.14453125
3 0.55625 0.21640625 0.03984375 0.06171875
1 0.61328125 0.21640625 0.03359375 0.053125
3 0.6421875 0.21484375 0.03515625 0.0609375
2 0.6734375 0.61953125 0.0734375 0.11953125
8 0.59609375 0.62421875 0.08515625 0.12265625
9 0.44296875 0.63125 0.03984375 0.06484375
1 0.40703125 0.634375 0.02890625 0.0671875