3 0.5780843978053876 0.20507812500000006 0.6247313260406183 0.22352430555555558 0.6540212577232052 0.15190972222222227 0.602169460720486 0.1410590277777778 0.6008654557807328 0.14214409722222227 0.5780843978053876 0.20507812500000006
1 0.6876514671835696 0.23763020833333334 0.7169413988661564 0.15950520833333334 0.6712239583333333 0.1388888888888889 0.636501736111111 0.234375 0.6876514671835696 0.23763020833333334
3 0.757078424754529 0.17795138888888892 0.7154216330281835 0.1675347222222222 0.7136859333729191 0.16927083333333337 0.6854808139748724 0.24305555555555558 0.7288733053564825 0.2506510416666667 0.757078424754529 0.17795138888888892
1 0.34895833333333337 0.32986111111111116 0.4576702342214197 0.35481770833333337 0.5119108484484324 0.19531250000000006 0.4328986273871528 0.17252604166666669 0.3945312500000001 0.16384548611111116 0.34895833333333337 0.32986111111111116
1 0.5639818381063644 0.37543402777777785 0.6203920769024575 0.22352430555555558 0.5193142361111113 0.20073784722222224 0.4672309027777778 0.3515625 0.5639818381063644 0.37543402777777785
1 0.5442708333333333 0.6618923611111113 0.5279947916666666 0.7074652777777779 0.5932707411493342 0.7335069444444444 0.6323239833927832 0.6108940972222221 0.5713975694444444 0.5891927083333334 0.560546875 0.60546875 0.5442708333333333 0.6618923611111113
4 0.6843960016903322 0.40907118055555564 0.7288733053564825 0.25499131944444453 0.626040988498264 0.22352430555555558 0.5824236469435486 0.3765190972222222 0.6843960016903322 0.40907118055555564
8 0.4055992445634877 0.5230034722222222 0.5043171624566505 0.5577256944444445 0.5726603363826863 0.39279513888888895 0.47087605794270837 0.3656684027777778 0.4444444444444445 0.4144965277777778 0.4055992445634877 0.5230034722222222
8 0.4251258656852121 0.6759982638888891 0.5238437835783749 0.7085503472222223 0.5694058995290655 0.588107638888889 0.4730461968315972 0.5555555555555556 0.4728576062049831 0.5566406250000001 0.4251258656852121 0.6759982638888891
2 0.5238437835783751 0.5479600694444444 0.6366642611705612 0.5772569444444445 0.6865656262594126 0.42751736111111116 0.5824236469435486 0.3971354166666667 0.5813388346590085 0.3971354166666667 0.5238437835783751 0.5479600694444444
2 0.27216733356503664 0.5848524305555556 0.30254207753216383 0.5967881944444444 0.32966238464566994 0.5414496527777779 0.2983500162760417 0.529513888888889 0.2860243055555556 0.5512152777777778 0.27216733356503664 0.5848524305555556
0 0.30905095123940524 0.5924479166666667 0.3415953197756127 0.6130642361111113 0.357638888888889 0.5794270833333334 0.369964599609375 0.5501302083333334 0.32966238464567005 0.5349392361111112 0.30905095123940524 0.5924479166666667