1 0.49453125 0.34296875 0.07890625 0.19921875
1 0.63828125 0.3546875 0.0515625 0.20078125
8 0.74375 0.3625 0.13984375 0.22734375
7 0.60625 0.5796875 0.13515625 0.22734375
9 0.7546875 0.590625 0.1296875 0.23984375
0 0.2671875 0.76640625 0.00625 0.0015625
1 0.13671875 0.78359375 0.0203125 0.0609375
2 0.16796875 0.7859375 0.03828125 0.06875
0 0.2234375 0.78828125 0.03515625 0.0703125
6 0.67890625 0.78828125 0.0859375 0.15234375
1 0.2765625 0.79609375 0.021875 0.06484375
4 0.7859375 0.79609375 0.09296875 0.1453125
2 0.33359375 0.8015625 0.0390625 0.06875
1 0.40390625 0.8046875 0.01875 0.0546875
5 0.43125 0.80625 0.0375 0.06875