1 0.51484375 0.33984375 0.09557291666666679 0.203125
1 0.6580729166666667 0.349609375 0.068359375 0.205078125
8 0.7649739583333334 0.3564453125 0.16015625 0.234375
7 0.6460286458333333 0.5791015625 0.15625 0.234375
9 0.7959635416666666 0.5869140625 0.15117187500000018 0.24609375
0 0.3240885416666667 0.7744140625 0.007942708333333326 0.001953125
1 0.19453125 0.7939453125 0.025651041666666652 0.0625
2 0.2259765625 0.796875 0.04375000000000001 0.0703125
0 0.2817057291666667 0.7978515625 0.04192708333333339 0.072265625
6 0.7362630208333334 0.7900390625 0.09830729166666652 0.15625
1 0.33489583333333334 0.8046875 0.027864583333333304 0.06640625
4 0.8440755208333334 0.7958984375 0.10572916666666665 0.150390625
2 0.39381510416666665 0.8095703125 0.045703124999999956 0.0703125
1 0.46328125 0.8115234375 0.023307291666666563 0.056640625
5 0.4916666666666667 0.8125 0.043749999999999956 0.0703125