1 0.4951171875 0.33984375 0.0791015625 0.2021484375
1 0.6376953125 0.3515625 0.0517578125 0.2041015625
8 0.744140625 0.3603515625 0.1396484375 0.2314453125
7 0.6064453125 0.5810546875 0.1357421875 0.2314453125
9 0.7548828125 0.591796875 0.1298828125 0.244140625
0 0.267578125 0.7705078125 0.0068359375 0.001953125
1 0.13671875 0.7880859375 0.0205078125 0.0615234375
2 0.16796875 0.791015625 0.0380859375 0.0693359375
0 0.2236328125 0.79296875 0.03515625 0.0712890625
6 0.6787109375 0.79296875 0.0859375 0.1552734375
1 0.2763671875 0.80078125 0.0224609375 0.0654296875
4 0.7861328125 0.80078125 0.0927734375 0.1484375
2 0.333984375 0.806640625 0.0390625 0.0693359375
1 0.4033203125 0.8095703125 0.01953125 0.0556640625
5 0.431640625 0.8115234375 0.037109375 0.0693359375