1 0.5093967013888889 0.33621961805555556 0.09809027777777768 0.20571469907407403
1 0.6533564814814814 0.3419921875 0.07074652777777768 0.2055121527777778
8 0.7600911458333333 0.34608651620370373 0.16244212962962967 0.23742766203703702
7 0.6435763888888889 0.5726345486111111 0.15853587962962967 0.23739872685185182
9 0.7923611111111111 0.577394386574074 0.15337094907407423 0.24907407407407423
0 0.3234664351851852 0.7762659143518519 0.007928240740740722 0.0020109953703704164
1 0.1949146412037037 0.7996889467592592 0.02714120370370371 0.06267361111111125
2 0.22628038194444444 0.8014105902777777 0.04518229166666665 0.07061631944444446
0 0.28194444444444444 0.8009982638888888 0.041391782407407374 0.07254050925925926
6 0.7350622106481481 0.7810329861111112 0.10117187499999991 0.15888310185185173
1 0.33502604166666666 0.806467013888889 0.029325810185185208 0.06659432870370363
4 0.84375 0.7851128472222222 0.10668402777777786 0.15306712962962976
2 0.39287471064814816 0.8099464699074074 0.04518229166666665 0.07061631944444446
1 0.46221064814814816 0.8094328703703704 0.024840856481481488 0.05679976851851842
5 0.4905888310185186 0.8101996527777777 0.04322916666666665 0.07060185185185164