1 0.49474576271186443 0.3398060344827586 0.0788135593220339 0.2025862068965517
1 0.6380932203389831 0.3520043103448276 0.05194915254237288 0.20403017241379312
8 0.7440254237288135 0.3599137931034483 0.1394915254237288 0.23131465517241379
7 0.6063135593220339 0.5811637931034483 0.13529661016949152 0.23131465517241379
9 0.7546186440677967 0.5919612068965517 0.12959745762711863 0.2442456896551724
0 0.26754237288135596 0.7709698275862069 0.006610169491525424 0.0019612068965517244
1 0.13658898305084746 0.7881034482758621 0.02010593220338983 0.061724137931034484
2 0.16788135593220338 0.7910560344827586 0.03841101694915254 0.06954741379310346
0 0.22324152542372883 0.7929956896551724 0.03550847457627119 0.07150862068965518
6 0.6790466101694915 0.7931681034482758 0.08584745762711865 0.15504310344827585
1 0.27620762711864405 0.8008405172413793 0.02201271186440678 0.065625
4 0.7856779661016948 0.8010129310344828 0.0928813559322034 0.14799568965517243
2 0.33396186440677966 0.8067241379310345 0.03934322033898305 0.06954741379310346
1 0.40379237288135594 0.8096551724137931 0.01908898305084746 0.05584051724137931
5 0.431228813559322 0.8116163793103448 0.03739406779661017 0.06954741379310346