1 0.4950086805555555 0.3185677083333333 0.09369212962962976 0.21128472222222233
1 0.6449797453703704 0.32500868055555554 0.06559606481481488 0.21144097222222227
8 0.7561342592592591 0.32840277777777777 0.1581018518518519 0.2431597222222222
7 0.6247974537037038 0.5611979166666666 0.1541956018518519 0.24307291666666658
9 0.7801793981481481 0.5659548611111112 0.14921875 0.256232638888889
0 0.28184317129629627 0.769765625 0.0071180555555555355 0.002499999999999858
1 0.1462673611111111 0.7931076388888888 0.02421875 0.06376736111111114
2 0.17918113425925924 0.7951128472222222 0.044068287037037024 0.07279513888888882
0 0.2370081018518518 0.79421875 0.04103009259259256 0.0750694444444445
6 0.7124855324074074 0.7754427083333333 0.09892939814814809 0.16300347222222236
1 0.29312789351851853 0.8000086805555556 0.025925925925925953 0.06770833333333322
4 0.8244502314814814 0.7796006944444445 0.1048900462962962 0.155329861111111
2 0.35347222222222224 0.80375 0.045630787037037025 0.07282986111111107
1 0.4262008101851852 0.8040885416666667 0.02320601851851851 0.057499999999999926
5 0.4551649305555555 0.8050086805555555 0.04328703703703703 0.07277777777777779