1 0.4350911458333333 0.25993200231481484 0.08320312500000004 0.1938802083333333
1 0.5658854166666667 0.27456597222222223 0.08294270833333339 0.1899739583333333
8 0.6554036458333334 0.28498987268518516 0.15833333333333321 0.20810185185185182
7 0.5138020833333333 0.4742766203703704 0.1484375 0.2060763888888889
8 0.6367838541666666 0.4888527199074074 0.16223958333333321 0.20813078703703702
7 0.5651692708333333 0.6591362847222222 0.09700520833333348 0.13736979166666652
0 0.6457682291666667 0.6675419560185185 0.1049479166666667 0.13938078703703694
2 0.43854166666666666 0.7802083333333334 0.06874999999999998 0.09421296296296289
2 0.4934895833333333 0.7845196759259259 0.06653645833333333 0.0902922453703705
0 0.590625 0.7920717592592592 0.06640625 0.0883391203703705
8 0.6435546875 0.7953920717592593 0.06432291666666679 0.08637152777777768