1 0.39558015046296297 0.24070457175925924 0.06958912037037035 0.19464699074074077
1 0.5252097800925926 0.2408058449074074 0.06749131944444442 0.1906394675925926
8 0.6148726851851851 0.24103009259259256 0.14221643518518512 0.20815972222222223
7 0.4629991319444444 0.44676649305555555 0.13237847222222232 0.20570023148148142
8 0.5857566550925926 0.44819878472222224 0.14612268518518512 0.20836226851851858
7 0.5060402199074074 0.6268012152777778 0.0869502314814814 0.13706597222222228
0 0.586009837962963 0.6255787037037037 0.09288194444444464 0.13932291666666652
2 0.37235966435185186 0.7623914930555555 0.0619936342592593 0.09483506944444442
2 0.42701099537037035 0.7605324074074074 0.05989583333333326 0.09082754629629619
0 0.5246310763888888 0.7564453124999999 0.05982349537037024 0.08887442129629619
8 0.5773292824074074 0.7546875 0.05779803240740744 0.08682002314814818