1 0.3383072916666666 0.28684895833333335 0.06962384259259266 0.21817129629629628
1 0.48745659722222223 0.2799508101851852 0.06800347222222225 0.2142418981481482
8 0.5905410879629629 0.27568865740740744 0.1541261574074074 0.2280150462962963
7 0.4491550925925926 0.5165075231481481 0.1408449074074074 0.22781828703703688
8 0.5897337962962963 0.5112991898148148 0.15727430555555558 0.22962384259259264
7 0.5256018518518519 0.7185445601851852 0.09284722222222222 0.15134259259259258
0 0.6169386574074074 0.7125028935185185 0.10069444444444446 0.15380208333333342
2 0.394369212962963 0.879898726851852 0.06638310185185184 0.10486689814814838
2 0.4568055555555556 0.874675925925926 0.06475115740740733 0.10015624999999986
0 0.5680063657407407 0.8644328703703703 0.06393518518518526 0.09780092592592596
8 0.6273234953703704 0.8596469907407407 0.063142361111111 0.09700810185185205