1 0.392578125 0.2666015625 0.0517578125 0.1884765625
1 0.5234375 0.2666015625 0.05078125 0.185546875
8 0.61328125 0.267578125 0.125 0.1943359375
7 0.4794921875 0.47265625 0.1142578125 0.1943359375
8 0.6025390625 0.4736328125 0.1279296875 0.1953125
7 0.5380859375 0.65234375 0.0751953125 0.12890625
0 0.6181640625 0.6513671875 0.08203125 0.130859375
2 0.416015625 0.7880859375 0.0537109375 0.0888671875
2 0.470703125 0.7861328125 0.052734375 0.0849609375
0 0.568359375 0.7822265625 0.0517578125 0.0830078125
8 0.62109375 0.7802734375 0.05078125 0.08203125