1 0.39228448275862066 0.2665086206896552 0.05169540229885057 0.18873563218390807
1 0.523448275862069 0.2670258620689655 0.05063218390804598 0.18561781609195402
8 0.6136494252873563 0.26806034482758617 0.12525862068965518 0.19392241379310346
7 0.47938218390804593 0.47235632183908044 0.11389367816091954 0.19392241379310346
8 0.6027729885057471 0.47390804597701147 0.12837643678160918 0.19495689655172413
7 0.5379597701149426 0.6522701149425287 0.07550287356321839 0.1285919540229885
0 0.617801724137931 0.651235632183908 0.08170977011494253 0.13066091954022988
2 0.41613505747126434 0.7879885057471265 0.05376436781609196 0.08892241379310345
2 0.47040229885057466 0.7863649425287356 0.05283045977011495 0.0851867816091954
0 0.5684195402298851 0.7820833333333334 0.05202586206896552 0.08285919540229886
8 0.620933908045977 0.7805316091954023 0.05123563218390804 0.08208333333333334