1 0.2890986689814815 0.23519965277777777 0.07216435185185177 0.26345486111111116
2 0.40360966435185186 0.2269314236111111 0.15706018518518516 0.283521412037037
6 0.5571831597222222 0.21750578703703705 0.14904513888888893 0.2793836805555555
8 0.401027199074074 0.5400028935185186 0.15059317129629624 0.27162905092592604
6 0.5527994791666666 0.5277054398148148 0.14678819444444446 0.2734664351851852
1 0.1645978009259259 0.9438585069444445 0.025231481481481466 0.07290219907407414
8 0.20571469907407408 0.9406901041666667 0.04712094907407405 0.08135127314814827
1 0.3224826388888889 0.9265046296296297 0.024927662037037 0.06704282407407414
7 0.3636501736111111 0.9223596643518519 0.04897280092592593 0.07945601851851869
9 0.4928096064814814 0.7820240162037038 0.0664207175925926 0.11507523148148158
8 0.5653284143518519 0.7749999999999999 0.0664207175925926 0.11507523148148158