1 0.310546875 0.2373046875 0.0498046875 0.259765625
2 0.4248046875 0.236328125 0.1328125 0.2744140625
6 0.578125 0.2373046875 0.1259765625 0.271484375
8 0.427734375 0.5498046875 0.1279296875 0.263671875
6 0.5791015625 0.5478515625 0.1240234375 0.2646484375
1 0.1982421875 0.939453125 0.01953125 0.072265625
8 0.2392578125 0.939453125 0.041015625 0.0791015625
1 0.35546875 0.9326171875 0.0185546875 0.0654296875
7 0.3974609375 0.931640625 0.0419921875 0.0771484375
9 0.5234375 0.798828125 0.056640625 0.111328125
8 0.595703125 0.796875 0.0576171875 0.111328125