1 0.31052083333333336 0.23588252314814814 0.06609374999999992 0.2689699074074074
2 0.4268229166666667 0.22774594907407408 0.15164930555555553 0.2894618055555555
6 0.583359375 0.21841724537037038 0.14456597222222206 0.2869097222222222
8 0.4472135416666667 0.5472743055555556 0.145954861111111 0.2791435185185186
6 0.6025260416666667 0.5356365740740741 0.142048611111111 0.27902777777777776
1 0.23588541666666668 0.9580989583333335 0.024236111111111125 0.07176504629629647
8 0.27762152777777777 0.9541261574074074 0.04701388888888891 0.0779050925925926
1 0.3969965277777778 0.9435532407407408 0.023385416666666714 0.06861689814814795
7 0.4391145833333333 0.9391782407407406 0.047100694444444355 0.0818113425925926
9 0.5602170138888889 0.7952633101851851 0.06428819444444436 0.11745370370370374
8 0.6335590277777777 0.7887905092592593 0.06508680555555557 0.1182581018518519