1 0.2783275462962963 0.25854311342592595 0.083984375 0.26488715277777786
2 0.391724537037037 0.24123987268518518 0.16815682870370363 0.29152199074074076
6 0.5441984953703705 0.22140480324074074 0.16031539351851842 0.2875
8 0.4304325810185185 0.5521556712962963 0.16025752314814812 0.2796875000000001
6 0.5799985532407408 0.5294343171296296 0.158304398148148 0.2796585648148149
1 0.24673755787037036 0.9640118634259259 0.027821180555555547 0.06485821759259269
8 0.28778935185185184 0.9585214120370371 0.05133101851851851 0.07497106481481497
1 0.40216290509259256 0.9412037037037038 0.027835648148148096 0.06681134259259247
7 0.44419849537037037 0.9347222222222222 0.05138888888888893 0.08278356481481475
9 0.5536892361111111 0.7856553819444445 0.07118055555555558 0.11822916666666661
8 0.6250578703703704 0.7738570601851852 0.07118055555555536 0.11822916666666661