1 0.31098591549295773 0.2369416498993964 0.04993963782696177 0.2597987927565392
2 0.4248893360160966 0.2364989939637827 0.13275653923541247 0.27448692152917503
6 0.5785110663983903 0.2369416498993964 0.1258148893360161 0.27189134808853116
8 0.42748490945674045 0.5498189134808853 0.12758551307847082 0.2641247484909457
6 0.5793762575452716 0.5476659959758551 0.1241046277665996 0.26498993963782697
1 0.19835010060362174 0.9390945674044267 0.019758551307847084 0.07249496981891349
8 0.23935613682092555 0.9390945674044267 0.041327967806841046 0.07941649899396377
1 0.35585513078470826 0.9330583501006037 0.01885311871227364 0.06559356136820926
7 0.3977062374245473 0.9317706237424547 0.04215291750503018 0.07682092555331992
9 0.5232796780684105 0.7988329979879275 0.056800804828973844 0.11134808853118713
8 0.5953521126760563 0.7971026156941651 0.05764587525150905 0.11134808853118713