1 0.490625 0.325 0.04140625 0.1515625
7 0.56875 0.32109375 0.078125 0.16328125
4 0.6625 0.32578125 0.08984375 0.15546875
1 0.48984375 0.51953125 0.040625 0.159375
8 0.65859375 0.51875 0.096875 0.171875
0 0.56015625 0.51796875 0.09609375 0.171875
0 0.43359375 0.6625 0.03359375 0.06640625
8 0.65078125 0.6640625 0.03125 0.0671875
2 0.6890625 0.66484375 0.03125 0.065625
2 0.4734375 0.66328125 0.034375 0.06953125
1 0.5046875 0.19609375 0.01328125 0.04296875
0 0.53515625 0.19765625 0.0234375 0.04296875
4 0.5640625 0.19765625 0.021875 0.03984375
1 0.63125 0.1984375 0.00859375 0.0390625
1 0.696875 0.1984375 0.01015625 0.0375