1 0.4731770833333333 0.3287181712962963 0.055830439814814836 0.1547019675925927
7 0.5503906249999999 0.3205005787037037 0.09305555555555545 0.17060185185185184
4 0.6441695601851851 0.3172887731481482 0.10471643518518503 0.16287615740740735
1 0.48833188657407406 0.5241536458333333 0.05588831018518514 0.16251446759259247
8 0.6564163773148148 0.5097728587962963 0.11265914351851847 0.18051215277777777
0 0.5567491319444444 0.516847511574074 0.11070601851851847 0.18049768518518516
0 0.4433015046296296 0.6703125 0.0395688657407407 0.06864872685185186
8 0.6592447916666666 0.6553096064814815 0.037630208333333304 0.07058738425925926
2 0.6983289930555556 0.6526692708333334 0.03761574074074092 0.06863425925925926
2 0.4833550347222222 0.6686559606481481 0.04155092592592591 0.07256944444444446
1 0.47705439814814815 0.20081018518518517 0.01594328703703707 0.04308449074074072
0 0.5073423032407407 0.19908130787037037 0.027676504629629672 0.04512442129629629
4 0.5366536458333333 0.19734519675925927 0.025694444444444464 0.04120370370370374
1 0.6040798611111111 0.19198495370370372 0.01200810185185186 0.039149305555555514
1 0.6685691550925926 0.18757957175925927 0.013946759259259256 0.03721064814814812