1 0.4769748263888889 0.34704861111111107 0.06202256944444451 0.15690104166666674
7 0.5528862847222222 0.33871527777777777 0.10147569444444438 0.1762152777777778
4 0.646484375 0.3360460069444444 0.11111111111111116 0.17078993055555558
1 0.5047309027777778 0.5424262152777778 0.06414930555555554 0.16480034722222214
8 0.6712456597222223 0.5283637152777778 0.12122395833333321 0.18684895833333326
0 0.5728515624999999 0.5347222222222222 0.11927083333333321 0.18676215277777786
0 0.4689670138888889 0.6891276041666666 0.04453125000000002 0.07222222222222219
8 0.6832682291666667 0.6742621527777778 0.04062499999999991 0.07204861111111116
2 0.7222439236111111 0.6720920138888888 0.04058159722222232 0.07009548611111116
2 0.5089192708333333 0.6870008680555555 0.044574652777777724 0.07417534722222241
1 0.47217881944444445 0.21903211805555556 0.018576388888888906 0.04570312500000001
0 0.5023871527777778 0.21744791666666669 0.030295138888888795 0.04622395833333337
4 0.5316189236111111 0.2158203125 0.026345486111110983 0.04409722222222223
1 0.5978515625 0.2109592013888889 0.014539930555555358 0.03967013888888893
1 0.6631076388888889 0.2060546875 0.014496527777777768 0.03771701388888887