1 0.4912109375 0.32421875 0.041015625 0.1513671875
7 0.568359375 0.3212890625 0.078125 0.1630859375
4 0.662109375 0.326171875 0.08984375 0.1552734375
1 0.490234375 0.51953125 0.041015625 0.1591796875
8 0.6591796875 0.5185546875 0.0966796875 0.171875
0 0.5595703125 0.517578125 0.095703125 0.171875
0 0.43359375 0.662109375 0.0341796875 0.06640625
8 0.650390625 0.6640625 0.03125 0.0673828125
2 0.689453125 0.6650390625 0.03125 0.0654296875
2 0.4736328125 0.6630859375 0.0341796875 0.0693359375
1 0.5048828125 0.1962890625 0.0126953125 0.04296875
0 0.53515625 0.197265625 0.0234375 0.04296875
4 0.564453125 0.1982421875 0.021484375 0.0400390625
1 0.6318359375 0.1982421875 0.0087890625 0.0390625
1 0.697265625 0.1982421875 0.009765625 0.037109375