1 0.49091292134831455 0.32469101123595506 0.041474719101123596 0.1517556179775281
7 0.5687078651685393 0.32122191011235957 0.07842696629213483 0.16331460674157303
4 0.6622893258426966 0.3258567415730337 0.08995786516853932 0.15560393258426966
1 0.48976123595505616 0.5195926966292135 0.04070224719101124 0.15945224719101123
8 0.6588342696629214 0.518820224719101 0.09689606741573033 0.17178370786516856
0 0.5598455056179775 0.5180477528089888 0.09615168539325841 0.17178370786516856
0 0.4339185393258427 0.6624859550561798 0.03379213483146067 0.06625
8 0.6507443820224719 0.6644101123595506 0.031432584269662917 0.06702247191011236
2 0.6892556179775281 0.6651825842696629 0.031418539325842695 0.06547752808988763
2 0.4735814606741573 0.6632584269662921 0.03455056179775281 0.06932584269662921
1 0.5043960674157303 0.19643258426966295 0.012977528089887641 0.043132022471910114
0 0.5355337078651685 0.1973314606741573 0.023314606741573037 0.04264044943820225
4 0.5640449438202247 0.1979494382022472 0.021882022471910113 0.040196629213483145
1 0.6315449438202247 0.1982443820224719 0.008679775280898876 0.03877808988764045
1 0.6970084269662921 0.19855337078651686 0.010084269662921348 0.03735955056179775