1 0.5072164351851851 0.31774305555555554 0.04693865740740755 0.16348958333333333
7 0.5899710648148148 0.3119965277777778 0.08617476851851862 0.17607638888888885
4 0.6900520833333333 0.31524305555555554 0.09855902777777778 0.16854166666666667
1 0.5087442129629629 0.5263715277777777 0.04627314814814802 0.1712847222222223
8 0.6899826388888889 0.5215625 0.10662615740740744 0.18590277777777775
0 0.5837210648148148 0.5231423611111111 0.10584490740740744 0.18588541666666672
0 0.45162615740740736 0.6800347222222222 0.03699074074074069 0.07189236111111122
8 0.6836921296296297 0.6772222222222222 0.034658564814814774 0.07262152777777775
2 0.7243287037037037 0.6771006944444444 0.034635416666666606 0.07105902777777776
2 0.49383680555555554 0.6806597222222222 0.037818287037037025 0.07503472222222225
1 0.5192534722222222 0.18071180555555558 0.014745370370370381 0.04640624999999998
0 0.5528587962962963 0.18074652777777778 0.025671296296296296 0.04586805555555555
4 0.5833391203703704 0.18085069444444443 0.024074074074074046 0.043489583333333304
1 0.6552141203703703 0.17925347222222224 0.009988425925925882 0.04161458333333332
1 0.7255381944444445 0.17847222222222223 0.011527777777777715 0.04008680555555557