1 0.4357349537037037 0.26979166666666665 0.04800347222222223 0.15442708333333333
7 0.5049840856481481 0.2549913194444444 0.09690393518518525 0.16636284722222228
7 0.5957392939814815 0.2421657986111111 0.08710937500000004 0.1620225694444445
1 0.4605179398148148 0.45039062500000004 0.051924189814814836 0.15655381944444446
1 0.5522352430555555 0.4355685763888889 0.051924189814814614 0.15655381944444446
0 0.6166377314814815 0.42586805555555557 0.10478877314814827 0.17647569444444444
0 0.42350983796296293 0.5975911458333334 0.0376157407407407 0.07000868055555554
3 0.4625434027777778 0.5919487847222222 0.0356626157407407 0.06992187499999991
8 0.6283926504629629 0.562109375 0.037601273148148096 0.06805555555555554
4 0.6654658564814815 0.5555772569444444 0.03560474537037028 0.06210937499999991
1 0.43094618055555556 0.1508246527777778 0.015928819444444464 0.04171006944444444
0 0.46119068287037035 0.14557291666666666 0.027676504629629672 0.0461371527777778
6 0.48460648148148144 0.1416015625 0.02570891203703707 0.04409722222222223
1 0.5490234375 0.13385416666666666 0.011979166666666652 0.03567708333333336
1 0.6085431134259259 0.12437065972222222 0.013946759259259256 0.03771701388888887