1 0.45625 0.28359375 0.0328125 0.15
7 0.5265625 0.27890625 0.07890625 0.15546875
7 0.61796875 0.2796875 0.07109375 0.15234375
1 0.46015625 0.4671875 0.03515625 0.15234375
1 0.55234375 0.4640625 0.03515625 0.15234375
0 0.61796875 0.4640625 0.08671875 0.16484375
0 0.4078125 0.6078125 0.03125 0.0671875
3 0.44609375 0.6078125 0.02890625 0.06484375
8 0.6140625 0.603125 0.03125 0.0640625
4 0.65078125 0.60078125 0.0296875 0.05703125
1 0.46484375 0.16484375 0.01171875 0.0390625
0 0.49453125 0.16328125 0.02421875 0.04296875
6 0.51875 0.16328125 0.02109375 0.040625
1 0.5828125 0.16484375 0.00859375 0.03515625
1 0.64375 0.1640625 0.0109375 0.0359375