1 0.4560546875 0.283203125 0.0322265625 0.150390625
7 0.5263671875 0.279296875 0.0791015625 0.1552734375
7 0.6171875 0.279296875 0.0712890625 0.15234375
1 0.4599609375 0.466796875 0.03515625 0.15234375
1 0.552734375 0.46484375 0.03515625 0.15234375
0 0.6171875 0.46484375 0.0859375 0.1640625
0 0.4072265625 0.607421875 0.03125 0.06640625
3 0.4462890625 0.607421875 0.029296875 0.0654296875
8 0.6142578125 0.6025390625 0.03125 0.064453125
4 0.6513671875 0.6015625 0.0302734375 0.0576171875
1 0.46484375 0.1640625 0.01171875 0.0390625
0 0.4951171875 0.1640625 0.0234375 0.04296875
6 0.5185546875 0.1630859375 0.0205078125 0.041015625
1 0.5830078125 0.1650390625 0.0078125 0.03515625
1 0.6435546875 0.1640625 0.0107421875 0.0361328125