1 0.43828124999999996 0.3186848958333333 0.05529513888888893 0.1557291666666667
7 0.5072410300925926 0.31061197916666666 0.1025173611111112 0.17057291666666663
7 0.5977430555555555 0.30592447916666665 0.09458912037037037 0.16614583333333333
1 0.47003038194444446 0.5020833333333333 0.05736400462962954 0.1597656249999999
1 0.561451099537037 0.49550781250000003 0.05736400462962976 0.15976562500000002
0 0.6256727430555555 0.49199218749999996 0.11061921296296306 0.18085937500000004
0 0.4392144097222222 0.6462239583333333 0.041145833333333326 0.07291666666666674
3 0.4781322337962963 0.6439453125 0.03913483796296302 0.0708333333333333
8 0.6433955439814815 0.6296223958333333 0.04108796296296302 0.07096354166666652
4 0.6803313078703703 0.6262369791666667 0.03890335648148158 0.0630208333333333
1 0.42889178240740744 0.19915364583333334 0.016840277777777857 0.04205729166666666
0 0.4590494791666667 0.197265625 0.030627893518518468 0.046875
6 0.48237123842592594 0.19492187500000002 0.026663773148148162 0.04466145833333335
1 0.5466507523148147 0.193359375 0.012760416666666607 0.03593750000000001
1 0.6059895833333333 0.18951822916666666 0.016724537037037024 0.03815104166666666