1 0.4561111111111111 0.28320833333333334 0.03243055555555556 0.14995833333333333
7 0.5263611111111112 0.27891666666666665 0.07868055555555556 0.15509722222222222
7 0.6176111111111111 0.2793472222222222 0.07094444444444445 0.15252777777777776
1 0.45995833333333336 0.467 0.034999999999999996 0.15252777777777776
1 0.5525 0.4644305555555555 0.034972222222222224 0.15252777777777776
0 0.6176111111111111 0.4644305555555555 0.086375 0.16452777777777777
0 0.40769444444444447 0.6075416666666666 0.03158333333333333 0.06683333333333333
3 0.44581944444444443 0.6075416666666666 0.028999999999999998 0.065125
8 0.6141805555555555 0.6028194444444444 0.03154166666666667 0.0642638888888889
4 0.6510277777777778 0.6011111111111112 0.029819444444444444 0.05741666666666667
1 0.46468055555555554 0.16452777777777777 0.01186111111111111 0.03941666666666666
0 0.4946666666666667 0.16366666666666668 0.023847222222222225 0.042847222222222224
6 0.5190138888888889 0.1635 0.020958333333333332 0.04079166666666667
1 0.5831388888888889 0.1648888888888889 0.008277777777777778 0.035541666666666666
1 0.6434027777777778 0.16395833333333332 0.010736111111111111 0.036166666666666666