1 0.423359375 0.2679166666666667 0.05043981481481481 0.16557291666666663
7 0.4984403935185185 0.2558680555555556 0.10051504629629626 0.17646990740740742
7 0.5965451388888889 0.24660300925925926 0.09189236111111114 0.1724363425925926
1 0.4429890046296297 0.4652604166666666 0.05280092592592602 0.16795138888888897
1 0.5426822916666667 0.4524565972222222 0.05280092592592602 0.16795138888888878
0 0.6126475694444444 0.4455613425925926 0.10997106481481485 0.18754629629629632
0 0.3992505787037037 0.6225318287037037 0.04117476851851851 0.07482060185185198
3 0.4395109953703704 0.6184201388888889 0.03803819444444443 0.07321180555555565
8 0.6205295138888889 0.5942563657407407 0.041157407407407476 0.07247685185185179
4 0.6604108796296296 0.5885879629629629 0.03797453703703706 0.06461805555555564
1 0.422355324074074 0.13982060185185183 0.016730324074073977 0.04399305555555557
0 0.45442129629629624 0.1346585648148148 0.030046296296296404 0.04887731481481481
6 0.4806076388888888 0.13231770833333334 0.026898148148148237 0.04570601851851852
1 0.5493923611111111 0.1266116898148148 0.012008101851851905 0.03923611111111112
1 0.6146730324074074 0.11939525462962963 0.015138888888888858 0.0400636574074074