1 0.3916015625 0.26881510416666665 0.080078125 0.2104166666666667
5 0.6708984375 0.24140625 0.14453125 0.23424479166666667
1 0.5546875 0.2540364583333333 0.068359375 0.20768229166666674
7 0.5361328125 0.4896484375 0.126953125 0.23893229166666674
0 0.693359375 0.4752604166666667 0.158203125 0.24687500000000007
7 0.6181640625 0.7615234375 0.099609375 0.20585937500000018
8 0.728515625 0.7522135416666667 0.125 0.2153645833333333
1 0.505859375 0.08834635416666667 0.025390625 0.07786458333333335
0 0.5478515625 0.0845703125 0.056640625 0.08776041666666667
8 0.70703125 0.07005208333333333 0.060546875 0.09388020833333333
4 0.646484375 0.07799479166666667 0.056640625 0.08580729166666667