1 0.3986294416243655 0.2908705357142857 0.07269035532994925 0.20229910714285712
5 0.6785786802030457 0.2915848214285714 0.13763959390862943 0.22042410714285715
1 0.5611928934010153 0.29296875 0.061548223350253804 0.20089285714285715
7 0.53502538071066 0.5259598214285715 0.12022842639593909 0.22600446428571427
0 0.6928426395939087 0.5287499999999999 0.15032994923857868 0.23158482142857142
7 0.6072081218274112 0.8063616071428571 0.09324873096446701 0.1953125
8 0.7182233502538071 0.8084598214285714 0.11860406091370558 0.20227678571428573
1 0.5195431472081218 0.12229910714285715 0.02304568527918782 0.07533482142857142
0 0.5618527918781726 0.12323660714285714 0.05477157360406091 0.08276785714285714
8 0.7204568527918782 0.1246205357142857 0.05685279187817258 0.08928571428571429
4 0.6591370558375634 0.12555803571428573 0.05474619289340102 0.07997767857142857