1 0.3830439814814815 0.25214120370370374 0.07769097222222214 0.2228877314814815
5 0.6510416666666666 0.26284722222222223 0.1401331018518519 0.24470486111111106
1 0.538599537037037 0.26024305555555555 0.0666956018518519 0.22092013888888892
7 0.5230034722222222 0.5132233796296296 0.12395833333333339 0.25034722222222217
0 0.673900462962963 0.5219328703703704 0.1530671296296296 0.25688657407407406
7 0.6030381944444445 0.8204571759259259 0.09693287037037042 0.21579861111111107
8 0.709375 0.8267361111111111 0.12144097222222214 0.2245081018518519
1 0.4918981481481481 0.07361111111111111 0.024913194444444287 0.08284143518518516
0 0.5325520833333334 0.07589699074074074 0.05567129629629619 0.0917824074074074
8 0.6841724537037037 0.08307291666666666 0.05827546296296297 0.09890046296296295
4 0.6256076388888889 0.08168402777777779 0.05555555555555571 0.0886574074074074