1 0.4316767939814815 0.28011429398148147 0.10057870370370381 0.20769675925925934
5 0.7122902199074075 0.30343605324074074 0.16830150462962967 0.23357928240740744
1 0.5945963541666667 0.29453848379629627 0.08875868055555558 0.20565682870370372
7 0.5606481481481482 0.5253472222222222 0.15082465277777768 0.23540219907407423
0 0.7177083333333334 0.5398148148148147 0.1825810185185186 0.24539930555555545
7 0.6223090277777779 0.81015625 0.11990740740740735 0.20393518518518516
8 0.7332682291666667 0.8210575810185186 0.14570312500000004 0.21193576388888902
1 0.5592158564814815 0.12090567129629629 0.03324652777777759 0.0763888888888889
0 0.6004846643518518 0.12548466435185185 0.06705729166666652 0.08835358796296294
8 0.760474537037037 0.13993055555555556 0.0693142361111112 0.09422743055555555
4 0.6987485532407407 0.13648003472222223 0.0649016203703705 0.08443287037037034