1 0.3984375 0.291015625 0.072265625 0.2021484375
5 0.6787109375 0.2919921875 0.1376953125 0.220703125
1 0.5615234375 0.29296875 0.0615234375 0.201171875
7 0.53515625 0.5263671875 0.1201171875 0.2255859375
0 0.6923828125 0.5283203125 0.150390625 0.2314453125
7 0.607421875 0.806640625 0.0927734375 0.1953125
8 0.7177734375 0.80859375 0.1181640625 0.2021484375
1 0.51953125 0.1220703125 0.0234375 0.0751953125
0 0.5615234375 0.123046875 0.0546875 0.0830078125
8 0.720703125 0.125 0.056640625 0.0888671875
4 0.6591796875 0.1259765625 0.0546875 0.080078125