1 0.4053186274509804 0.3897671568627451 0.032630718954248364 0.11764093137254902
0 0.49019607843137253 0.38718137254901963 0.10069444444444445 0.12669117647058822
7 0.6121241830065359 0.38427083333333334 0.09980392156862745 0.12345588235294117
6 0.49019607843137253 0.5271200980392157 0.10241830065359477 0.13379901960784316
7 0.6151470588235295 0.5261519607843137 0.10238562091503267 0.127984068627451
6 0.5561192810457517 0.6512254901960784 0.06879084967320262 0.09113970588235294
0 0.6366911764705881 0.6521936274509804 0.06963235294117648 0.09178308823529412
1 0.5965849673202615 0.26324754901960784 0.009975490196078431 0.027555147058823528
2 0.6162009803921569 0.2637745098039216 0.024722222222222222 0.030269607843137255
0 0.6644934640522876 0.26293504901960785 0.026658496732026145 0.031102941176470587
1 0.7008169934640522 0.2621017156862745 0.01022875816993464 0.027346813725490197