1 0.4052734375 0.3896484375 0.0322265625 0.1171875
0 0.490234375 0.38671875 0.1005859375 0.126953125
7 0.6123046875 0.3837890625 0.099609375 0.123046875
6 0.490234375 0.52734375 0.1025390625 0.1337890625
7 0.615234375 0.5263671875 0.1025390625 0.1279296875
6 0.5556640625 0.6513671875 0.068359375 0.0908203125
0 0.63671875 0.65234375 0.0693359375 0.091796875
1 0.5966796875 0.263671875 0.009765625 0.02734375
2 0.6162109375 0.263671875 0.0244140625 0.0302734375
0 0.6640625 0.2626953125 0.0263671875 0.03125
1 0.701171875 0.26171875 0.009765625 0.02734375