1 0.46903645833333335 0.355078125 0.03229166666666661 0.140625
0 0.5443952546296297 0.35078125 0.09331597222222214 0.15234375
7 0.6529456018518519 0.344921875 0.09250578703703702 0.1484375
6 0.5487528935185185 0.5171875 0.09571759259259274 0.16015625
7 0.6596643518518519 0.513671875 0.09489004629629641 0.15390625
6 0.6107696759259259 0.662890625 0.06331018518518512 0.109375
0 0.6826475694444445 0.66328125 0.06409722222222225 0.11015625
1 0.6354774305555556 0.2015625 0.00961805555555557 0.0328125
2 0.6526678240740741 0.201953125 0.022922453703703737 0.0359375
0 0.6956249999999999 0.200390625 0.024496527777777822 0.0375
1 0.7284288194444445 0.19921875 0.010399305555555571 0.0328125