1 0.3627748842592593 0.3878038194444444 0.05584490740740744 0.12282986111111116
0 0.44777199074074076 0.37102141203703703 0.1255063657407408 0.14293981481481477
7 0.5701678240740741 0.3489583333333333 0.12326388888888884 0.13896122685185186
6 0.45402922453703703 0.5100549768518519 0.1278935185185185 0.14887152777777768
7 0.5792824074074074 0.4888599537037037 0.12745949074074092 0.14301215277777768
6 0.5255714699074074 0.6223234953703705 0.08535879629629628 0.1005497685185186
0 0.6072771990740741 0.6105324074074074 0.08745659722222232 0.1025752314814814
1 0.5485749421296297 0.23289207175925924 0.01584201388888884 0.0298032407407407
2 0.5683232060185185 0.22923900462962965 0.0298032407407407 0.03421585648148151
0 0.6157045717592593 0.2206669560185185 0.03190104166666652 0.03624131944444442
1 0.6531756365740741 0.2144097222222222 0.01584201388888884 0.0298032407407407