1 0.3806568287037037 0.42560763888888886 0.05046296296296293 0.12387152777777777
0 0.46504629629629635 0.41691261574074073 0.11934317129629624 0.1455005787037037
7 0.5866608796296297 0.40651041666666665 0.11727430555555562 0.14147858796296298
6 0.4775101273148148 0.5575448495370371 0.12146990740740748 0.15147569444444442
7 0.6020254629629629 0.5482928240740741 0.12129629629629646 0.14561631944444442
6 0.5541739004629629 0.6775245949074074 0.0810185185185186 0.10228587962962976
0 0.6354890046296295 0.6735387731481481 0.08302951388888902 0.10435474537037037
1 0.5598596643518519 0.2875289351851852 0.01453993055555558 0.030107060185185164
2 0.5794777199074075 0.2857566550925926 0.02832754629629619 0.03482349537037033
0 0.6265552662037037 0.2816984953703704 0.030338541666666607 0.03689236111111116
1 0.6638093171296297 0.27901475694444444 0.01453993055555558 0.030107060185185164