9 0.5066550925925926 0.31025752314814814 0.10098379629629628 0.19809027777777777
1 0.6483289930555556 0.3125 0.0537471064814814 0.18693576388888888
9 0.4946831597222222 0.5543113425925926 0.1010561342592593 0.20004340277777777
1 0.6313295717592593 0.5603153935185186 0.0556278935185186 0.18504050925925908
6 0.5431134259259259 0.724877025462963 0.0693721064814814 0.1347222222222222
6 0.610423900462963 0.7288266782407408 0.07349537037037024 0.14069733796296302
0 0.28197337962962965 0.6751012731481482 0.03949652777777768 0.06555266203703702
1 0.33264612268518523 0.6795355902777778 0.02155671296296302 0.05526620370370372
0 0.3560474537037037 0.6812065972222222 0.03356481481481488 0.063425925925926
1 0.28736255787037035 0.7407624421296296 0.02358217592592593 0.05727719907407414
0 0.3262803819444444 0.745826099537037 0.03739872685185186 0.06158854166666661
1 0.3682725694444444 0.7470703125 0.02155671296296302 0.05526620370370372