9 0.488671875 0.29296875 0.1109375 0.2046875
1 0.63046875 0.268359375 0.06328125 0.190625
9 0.524609375 0.538671875 0.1109375 0.2078125
1 0.662109375 0.51953125 0.0640625 0.1890625
6 0.60546875 0.699609375 0.07734375 0.1390625
6 0.673828125 0.691015625 0.08125 0.14453125
0 0.335546875 0.699609375 0.04375 0.0671875
1 0.38671875 0.694140625 0.0234375 0.05625
0 0.41171875 0.691015625 0.03671875 0.065625
1 0.354296875 0.76328125 0.0265625 0.059375
0 0.393359375 0.7609375 0.040625 0.06328125
1 0.4359375 0.755078125 0.025 0.0578125