9 0.5103888888888889 0.2936666666666667 0.08645555555555556 0.1921
1 0.6517 0.2869777777777777 0.03997777777777777 0.18344444444444444
9 0.5159 0.5385222222222222 0.08645555555555556 0.19525555555555554
1 0.6524777777777778 0.5361555555555556 0.041555555555555554 0.18265555555555554
6 0.5761222222222222 0.7054333333333334 0.06046666666666667 0.13068888888888888
6 0.6438222222222223 0.7054333333333334 0.0636 0.13542222222222222
0 0.3124 0.6727555555555556 0.035333333333333335 0.0622
1 0.36317777777777777 0.6739333333333333 0.017222222222222222 0.053533333333333336
0 0.3871888888888889 0.6739333333333333 0.029022222222222224 0.06141111111111112
1 0.32264444444444446 0.7381 0.01958888888888889 0.055900000000000005
0 0.3616111111111111 0.7400666666666667 0.03296666666666667 0.058255555555555553
1 0.40372222222222226 0.7392888888888889 0.018 0.05511111111111111