9 0.51015625 0.29375 0.08671875 0.1921875
1 0.6515625 0.28671875 0.03984375 0.18359375
9 0.515625 0.53828125 0.08671875 0.1953125
1 0.65234375 0.5359375 0.04140625 0.1828125
6 0.57578125 0.70546875 0.06015625 0.13046875
6 0.64375 0.70546875 0.06328125 0.13515625
0 0.3125 0.67265625 0.03515625 0.0625
1 0.36328125 0.67421875 0.0171875 0.05390625
0 0.3875 0.67421875 0.02890625 0.06171875
1 0.32265625 0.73828125 0.01953125 0.05625
0 0.36171875 0.73984375 0.0328125 0.05859375
1 0.40390625 0.7390625 0.01796875 0.05546875