9 0.5107421875 0.2939453125 0.0869140625 0.1923828125
1 0.6513671875 0.287109375 0.0400390625 0.18359375
9 0.515625 0.5380859375 0.0869140625 0.1953125
1 0.65234375 0.5361328125 0.0419921875 0.1826171875
6 0.576171875 0.705078125 0.060546875 0.130859375
6 0.6435546875 0.705078125 0.0634765625 0.1357421875
0 0.3125 0.6728515625 0.03515625 0.0625
1 0.36328125 0.673828125 0.017578125 0.0537109375
0 0.38671875 0.673828125 0.029296875 0.0615234375
1 0.322265625 0.73828125 0.01953125 0.0556640625
0 0.361328125 0.740234375 0.033203125 0.05859375
1 0.4033203125 0.7392578125 0.017578125 0.0546875