9 0.51015625 0.29375 0.08671875 0.1921875
1 0.61796875 0.2859375 0.1078125 0.18203125
9 0.515625 0.53828125 0.08671875 0.1953125
1 0.61953125 0.5453125 0.10703125 0.20078125
6 0.57578125 0.70546875 0.06015625 0.13046875
6 0.64375 0.70546875 0.06328125 0.13515625
0 0.3125 0.67265625 0.03515625 0.0625
1 0.35546875 0.67421875 0.0328125 0.05390625
0 0.3875 0.67421875 0.02890625 0.06171875
1 0.3125 0.7375 0.040625 0.0546875
0 0.36171875 0.73984375 0.0328125 0.05859375
1 0.39921875 0.7390625 0.02734375 0.05546875