9 0.5049479166666666 0.2867549189814815 0.12278645833333335 0.20279224537037033
1 0.6420572916666667 0.2612630208333333 0.07499999999999996 0.188425925925926
9 0.55625 0.5284215856481481 0.123046875 0.20669849537037033
1 0.6897786458333333 0.5078703703703704 0.07682291666666652 0.18650173611111098
6 0.646875 0.6854383680555556 0.08528645833333326 0.13784722222222223
6 0.7127604166666667 0.6766420717592593 0.08958333333333335 0.14376446759259265
0 0.38125 0.6893735532407408 0.047395833333333304 0.06704282407407414
1 0.43170572916666666 0.6837384259259259 0.027083333333333348 0.055034722222222276
0 0.4549479166666667 0.6804615162037037 0.04140624999999998 0.06500289351851851
1 0.40305989583333335 0.7525896990740741 0.029296875 0.05896990740740726
0 0.4419270833333333 0.7490813078703704 0.04518229166666665 0.06310763888888893
1 0.4835286458333333 0.7425998263888889 0.027213541666666674 0.056987847222222276