9 0.546875 0.27109375 0.09453125 0.21015625
1 0.6640625 0.26328125 0.11796875 0.19921875
9 0.55234375 0.53828125 0.09453125 0.21328125
1 0.66640625 0.54609375 0.11640625 0.21953125
6 0.61796875 0.72109375 0.06640625 0.14296875
6 0.6921875 0.72109375 0.06953125 0.14765625
0 0.33046875 0.68515625 0.03828125 0.06796875
1 0.37734375 0.68671875 0.03515625 0.05859375
0 0.41171875 0.68671875 0.03203125 0.0671875
1 0.33046875 0.75546875 0.04453125 0.059375
0 0.384375 0.75859375 0.0359375 0.06328125
1 0.425 0.7578125 0.03046875 0.06015625