0 0.23046875 0.74453125 0.04921875 0.09140625
0 0.303125 0.74375 0.04765625 0.09375
1 0.359375 0.74453125 0.05078125 0.0875
1 0.2296875 0.853125 0.05546875 0.0875
1 0.3671875 0.85 0.05859375 0.0875
0 0.31328125 0.84921875 0.0515625 0.09609375
6 0.66796875 0.790625 0.08828125 0.196875
9 0.7703125 0.7890625 0.0859375 0.19609375
6 0.72109375 0.53828125 0.12890625 0.26875
8 0.5546875 0.54140625 0.134375 0.2734375
1 0.38359375 0.2234375 0.15546875 0.23515625
2 0.5375 0.21484375 0.1265625 0.24375
2 0.6921875 0.21171875 0.121875 0.24609375