0 0.23795572916666666 0.7364293981481482 0.05069444444444443 0.08663194444444455
0 0.30631510416666663 0.7374421296296296 0.048914930555555625 0.09050925925925934
1 0.373828125 0.7355107060185185 0.02300347222222221 0.07841435185185186
1 0.24813368055555557 0.8372323495370371 0.02300347222222221 0.07841435185185186
1 0.3790364583333333 0.8381944444444445 0.025130208333333348 0.08234953703703707
0 0.31169704861111114 0.8362196180555556 0.052821180555555625 0.09056712962962954
6 0.6481119791666667 0.7864800347222223 0.09027777777777768 0.18676215277777786
9 0.7439019097222221 0.7859447337962964 0.09019097222222205 0.18480902777777786
6 0.7084635416666667 0.5499131944444444 0.13237847222222232 0.2557002314814816
8 0.5520833333333334 0.5505280671296297 0.13841145833333335 0.259693287037037
1 0.45531684027777775 0.24322916666666666 0.05421006944444451 0.20964988425925923
2 0.5491970486111111 0.24168836805555555 0.1293836805555557 0.23223379629629626
2 0.6948350694444445 0.24091435185185184 0.1254774305555557 0.23217592592592595