0 0.2703125 0.73203125 0.046875 0.0859375
0 0.3390625 0.73203125 0.0453125 0.08828125
1 0.39140625 0.73203125 0.0484375 0.08203125
1 0.2703125 0.834375 0.05234375 0.0828125
1 0.39921875 0.83203125 0.05546875 0.0828125
0 0.3484375 0.83125 0.04921875 0.090625
6 0.6828125 0.77578125 0.0828125 0.18515625
9 0.77890625 0.775 0.08046875 0.184375
6 0.7328125 0.5390625 0.121875 0.253125
8 0.57578125 0.54140625 0.1265625 0.2578125
1 0.41484375 0.2421875 0.14609375 0.22109375
2 0.56015625 0.23359375 0.11953125 0.22890625
2 0.70546875 0.23125 0.11484375 0.23125