0 0.2705078125 0.732421875 0.046875 0.0859375
0 0.3388671875 0.732421875 0.044921875 0.0888671875
1 0.40625 0.7294921875 0.01953125 0.0771484375
1 0.28515625 0.8330078125 0.0205078125 0.0791015625
1 0.416015625 0.83203125 0.021484375 0.08203125
0 0.3486328125 0.8310546875 0.048828125 0.0908203125
6 0.6826171875 0.7763671875 0.0830078125 0.185546875
9 0.7783203125 0.7744140625 0.0810546875 0.1845703125
6 0.732421875 0.5390625 0.1220703125 0.2529296875
8 0.576171875 0.5419921875 0.126953125 0.2578125
1 0.4658203125 0.236328125 0.044921875 0.208984375
2 0.5595703125 0.2333984375 0.119140625 0.2294921875
2 0.705078125 0.23046875 0.115234375 0.2314453125