0 0.2703125 0.73203125 0.046875 0.0859375
0 0.3390625 0.73203125 0.0453125 0.08828125
1 0.40625 0.7296875 0.01953125 0.07734375
1 0.28515625 0.8328125 0.02109375 0.07890625
1 0.41640625 0.83203125 0.02109375 0.0828125
0 0.3484375 0.83125 0.04921875 0.090625
6 0.6828125 0.77578125 0.0828125 0.18515625
9 0.77890625 0.775 0.08046875 0.184375
6 0.7328125 0.5390625 0.121875 0.253125
8 0.57578125 0.54140625 0.1265625 0.2578125
1 0.465625 0.2359375 0.04453125 0.209375
2 0.56015625 0.23359375 0.11953125 0.22890625
2 0.70546875 0.23125 0.11484375 0.23125