0 0.2704024390243902 0.7323780487804877 0.04665853658536585 0.08576829268292682
0 0.33884146341463417 0.7320975609756099 0.04498780487804878 0.08852439024390245
1 0.4059146341463415 0.7296219512195121 0.019682926829268293 0.07697560975609756
1 0.2855243902439024 0.832719512195122 0.02081707317073171 0.0786219512195122
1 0.4160853658536585 0.831890243902439 0.021329268292682925 0.08247560975609755
0 0.3484634146341464 0.8310731707317074 0.04884146341463414 0.09071951219512195
6 0.6825121951219512 0.7759756097560975 0.08289024390243903 0.1850609756097561
9 0.7785731707317073 0.7746219512195123 0.0806829268292683 0.18451219512195124
6 0.7324512195121952 0.5387926829268292 0.1216219512195122 0.25329268292682927
8 0.5760731707317073 0.5415243902439024 0.12657317073170732 0.25765853658536586
1 0.46581707317073173 0.23609756097560974 0.04473170731707317 0.2090731707317073
2 0.5599756097560976 0.23364634146341465 0.11948780487804879 0.22926829268292684
2 0.7051585365853659 0.23091463414634145 0.11508536585365854 0.2314512195121951