0 0.2504861111111111 0.7291811342592592 0.051440972222222214 0.08981481481481488
0 0.32 0.7325549768518519 0.04990162037037038 0.09291666666666672
1 0.38875000000000004 0.7335734953703703 0.024027777777777714 0.08003472222222215
1 0.2618287037037037 0.8328761574074074 0.024820601851851885 0.0816087962962964
1 0.3953935185185185 0.8387615740740741 0.025630787037037094 0.08552662037037066
0 0.3258912037037037 0.8338252314814815 0.05382523148148151 0.09531828703703696
6 0.6695804398148149 0.7943807870370371 0.09204861111111118 0.1935300925925926
9 0.7679976851851851 0.7985734953703704 0.09048032407407405 0.19272569444444443
6 0.7311255787037038 0.5550318287037037 0.13475694444444458 0.2644675925925927
8 0.5709866898148148 0.5503153935185185 0.14104745370370358 0.27002893518518506
1 0.4717679398148148 0.2324045138888889 0.05550347222222207 0.21642361111111114
2 0.5682436342592593 0.235005787037037 0.13145254629629638 0.24020254629629623
2 0.7166666666666667 0.23915798611111114 0.1275636574074074 0.24248842592592598