0 0.2195457175925926 0.6911241319444444 0.06131365740740741 0.09353298611111116
0 0.28663917824074076 0.6988932291666666 0.05941840277777777 0.09542824074074074
1 0.3538483796296296 0.7027560763888889 0.031669560185185186 0.08094618055555558
1 0.21751302083333335 0.7926576967592593 0.0336805555555556 0.08295717592592577
1 0.346875 0.8063874421296295 0.03569155092592591 0.08496817129629619
0 0.27981047453703706 0.7976417824074074 0.06344039351851849 0.09945023148148158
6 0.6189091435185186 0.7797887731481481 0.1132089120370372 0.19849537037037024
9 0.7132884837962963 0.7887008101851851 0.11119791666666679 0.19648437499999982
6 0.7076822916666667 0.5498191550925926 0.16417824074074083 0.27220775462962954
8 0.5529875578703703 0.534888599537037 0.17021122685185186 0.2782407407407408
1 0.4959852430555556 0.21947337962962965 0.08052662037037028 0.21508969907407405
2 0.5884693287037037 0.22649016203703703 0.15762442129629628 0.2485966435185185
2 0.7324797453703704 0.2397858796296296 0.1537760416666667 0.2504340277777778