1 0.4569402985074627 0.21509950248756218 0.05828358208955224 0.21950248756218904
4 0.5410696517412935 0.21291044776119403 0.11238805970149254 0.21509950248756218
6 0.6690796019900498 0.20850746268656714 0.11089552238805969 0.22972636815920397
8 0.5410696517412935 0.5289800995024876 0.11823383084577115 0.2355970149253731
8 0.677860696517413 0.5289800995024876 0.11674129353233831 0.2355970149253731
8 0.6210696517412935 0.762860696517413 0.07873134328358208 0.16300995024875622
4 0.7074378109452736 0.7636069651741294 0.07569651741293532 0.15549751243781093
1 0.39723880597014927 0.7136567164179104 0.021691542288557214 0.07512437810945273
2 0.3390298507462686 0.7125124378109453 0.04497512437810945 0.08037313432835821
8 0.2804228855721393 0.7132587064676618 0.045 0.08037313432835821
1 0.2924626865671642 0.8083084577114428 0.020970149253731342 0.07962686567164179
1 0.35818407960199006 0.8083084577114428 0.018681592039800996 0.07962686567164179
0 0.3919651741293532 0.8064179104477612 0.042711442786069656 0.0818905472636816