1 0.41640625 0.21484375 0.1359375 0.253125
4 0.54453125 0.21875 0.12265625 0.23515625
6 0.684375 0.2140625 0.12109375 0.25078125
8 0.54453125 0.5640625 0.12890625 0.25703125
8 0.69453125 0.5640625 0.12734375 0.25703125
8 0.63203125 0.81953125 0.0859375 0.178125
4 0.7265625 0.8203125 0.0828125 0.16953125
1 0.37578125 0.76484375 0.04765625 0.08515625
2 0.32421875 0.76484375 0.04921875 0.0875
8 0.26015625 0.765625 0.04921875 0.0875
1 0.26015625 0.8703125 0.0484375 0.08515625
1 0.3296875 0.871875 0.05390625 0.08515625
0 0.38203125 0.8671875 0.046875 0.08984375