1 0.45703125 0.21484375 0.05859375 0.21953125
4 0.54140625 0.21328125 0.1125 0.21484375
6 0.66875 0.20859375 0.1109375 0.2296875
8 0.54140625 0.52890625 0.11796875 0.2359375
8 0.678125 0.52890625 0.11640625 0.2359375
8 0.62109375 0.7625 0.07890625 0.16328125
4 0.7078125 0.76328125 0.07578125 0.15546875
1 0.396875 0.71328125 0.021875 0.075
2 0.3390625 0.7125 0.0453125 0.08046875
8 0.28046875 0.71328125 0.0453125 0.08046875
1 0.2921875 0.80859375 0.02109375 0.0796875
1 0.3578125 0.80859375 0.01875 0.0796875
0 0.3921875 0.80625 0.04296875 0.08203125