1 0.4815972222222221 0.212109375 0.0896412037037038 0.2265625
4 0.5653356481481481 0.21875 0.14360532407407406 0.228125
6 0.6946903935185185 0.227734375 0.14412615740740745 0.2421875
8 0.5203703703703704 0.536328125 0.15298032407407405 0.24921875
8 0.6573350694444444 0.55078125 0.15141782407407406 0.24921875
8 0.5676070601851853 0.7796875 0.10248842592592596 0.17265625
4 0.6531828703703704 0.789453125 0.09826388888888893 0.1640625
1 0.3500144675925926 0.70625 0.03255208333333339 0.07734375
2 0.29207175925925927 0.69921875 0.05706018518518521 0.08515625
8 0.23328993055555552 0.69375 0.05706018518518512 0.08515625
1 0.23204571759259257 0.790625 0.03272569444444447 0.08203125
1 0.29780092592592594 0.79765625 0.030381944444444465 0.08203125
0 0.3321325231481481 0.798828125 0.054774305555555534 0.08671875