1 0.5145109953703704 0.22678674768518517 0.10522280092592595 0.2292824074074074
4 0.5981553819444444 0.23998842592592592 0.1581886574074074 0.23475115740740743
6 0.7260923032407407 0.26035156249999997 0.16095196759259256 0.2484809027777778
8 0.567845775462963 0.5510416666666667 0.16911168981481484 0.25457175925925934
8 0.7038845486111112 0.5765190972222222 0.16715856481481461 0.25451388888888893
8 0.6242476851851851 0.7954499421296296 0.11381655092592591 0.17689525462962963
4 0.7100766782407407 0.8126157407407408 0.10944733796296302 0.16896701388888902
1 0.4064380787037037 0.7061342592592592 0.03783275462962965 0.07910879629629619
2 0.3482421875 0.6946614583333334 0.06173321759259265 0.08761574074074074
8 0.2900462962962963 0.6831886574074074 0.06173321759259265 0.08761574074074074
1 0.291869212962963 0.7797526041666667 0.038064236111111205 0.08301504629629619
1 0.35787760416666664 0.7914568865740741 0.036111111111111094 0.082957175925926
0 0.39131221064814814 0.7963469328703704 0.05989583333333337 0.08951099537037033