1 0.45703125 0.21484375 0.05859375 0.2197265625
4 0.541015625 0.212890625 0.1123046875 0.21484375
6 0.6689453125 0.208984375 0.111328125 0.2294921875
8 0.541015625 0.529296875 0.1181640625 0.2353515625
8 0.677734375 0.529296875 0.1171875 0.2353515625
8 0.62109375 0.7626953125 0.0791015625 0.1630859375
4 0.70703125 0.763671875 0.076171875 0.1552734375
1 0.3974609375 0.7138671875 0.021484375 0.0751953125
2 0.3388671875 0.712890625 0.044921875 0.080078125
8 0.2802734375 0.712890625 0.044921875 0.080078125
1 0.2919921875 0.80859375 0.0205078125 0.080078125
1 0.3583984375 0.80859375 0.0185546875 0.080078125
0 0.3916015625 0.806640625 0.04296875 0.08203125