1 0.4829427083333333 0.23032407407407407 0.1029947916666667 0.22981770833333337
4 0.5662760416666667 0.24320023148148148 0.1558593749999999 0.23372395833333331
6 0.6923177083333334 0.26157407407407407 0.1587239583333333 0.24746817129629628
8 0.5004557291666667 0.5550130208333334 0.1670572916666666 0.25557002314814814
8 0.6349609375 0.5785951967592593 0.1651041666666666 0.2554976851851851
8 0.5311848958333333 0.7989366319444444 0.11302083333333335 0.17563657407407396
4 0.6152994791666666 0.8147786458333334 0.10859374999999982 0.16767939814814814
1 0.32265625 0.7109375 0.03645833333333326 0.07928240740740744
2 0.2646484375 0.6999782986111112 0.060416666666666674 0.0879629629629628
8 0.20755208333333333 0.6900318287037037 0.060416666666666674 0.08796296296296302
1 0.19921875 0.7856626157407407 0.03671875000000002 0.08318865740740744
1 0.2639973958333333 0.7978515625 0.03476562500000002 0.08311631944444442
0 0.2970703125 0.8010344328703703 0.060546875 0.08991608796296302