1 0.45481770833333335 0.326171875 0.05364583333333339 0.15442708333333333
7 0.5559895833333334 0.3128689236111111 0.09153645833333335 0.17365451388888886
4 0.6653645833333333 0.3080078125 0.10052083333333339 0.15651041666666665
9 0.5395616319444445 0.49364149305555555 0.09891493055555545 0.16423611111111114
0 0.6517795138888889 0.4866970486111111 0.11657986111111107 0.1669704861111111
9 0.5801649305555556 0.6366536458333334 0.06718750000000018 0.10824652777777777
6 0.65234375 0.6314887152777777 0.0673611111111112 0.11215277777777777
1 0.3974175347222222 0.20151909722222222 0.02000868055555549 0.05546875000000001
0 0.4374565972222222 0.19973958333333333 0.040060763888888795 0.06805555555555554
1 0.4851345486111111 0.19370659722222222 0.024175347222222254 0.061501736111111094
8 0.5621961805555555 0.18832465277777777 0.04006076388888902 0.06805555555555554
0 0.6159071180555555 0.1859375 0.04201388888888902 0.0681423611111111
2 0.6548394097222223 0.18127170138888887 0.04396701388888902 0.06822916666666667