1 0.4428551136363636 0.3444602272727273 0.043792613636363636 0.15198863636363635
7 0.5436931818181818 0.3380681818181818 0.08069602272727273 0.16761363636363635
4 0.6530539772727273 0.33948863636363635 0.09203125000000001 0.15056818181818182
9 0.5167045454545455 0.5170454545454546 0.08921875 0.1590909090909091
0 0.62890625 0.5163352272727273 0.10623579545454546 0.16051136363636365
9 0.5479829545454545 0.6625284090909092 0.06058238636363636 0.10410511363636364
6 0.6197443181818182 0.6613494318181817 0.06056818181818182 0.10805397727272727
1 0.3926278409090909 0.2165056818181818 0.016448863636363636 0.05441761363636364
0 0.4324431818181818 0.21730113636363635 0.036164772727272726 0.06546875
1 0.48055397727272725 0.21492897727272728 0.020383522727272726 0.06073863636363636
8 0.5574431818181819 0.21375 0.03534090909090909 0.06625
0 0.6110653409090909 0.21492897727272728 0.03848011363636364 0.06546875
2 0.6501136363636364 0.21335227272727272 0.039261363636363636 0.06546875