1 0.42633680555555553 0.294140625 0.061423611111111144 0.17109375
7 0.5373813657407407 0.2796875 0.1029745370370371 0.190625
4 0.6581365740740741 0.27265625 0.11456597222222217 0.1734375
9 0.5198842592592593 0.4796875 0.11150462962962955 0.18203125
0 0.6441753472222222 0.469921875 0.13105902777777773 0.18515625
9 0.5644155092592593 0.637890625 0.0758912037037037 0.1203125
6 0.643767361111111 0.63046875 0.075920138888889 0.12421875
1 0.36211805555555554 0.15703125 0.022326388888888892 0.0609375
0 0.40588541666666667 0.1546875 0.045086805555555644 0.075
1 0.4586631944444445 0.148828125 0.02785300925925931 0.06875
8 0.5434837962962963 0.14140625 0.0443113425925926 0.07578125
0 0.602879050925926 0.138671875 0.0482175925925926 0.07578125
2 0.6466637731481482 0.133984375 0.048998842592592594 0.07578125