1 0.40542534722222223 0.33585069444444443 0.07499999999999996 0.16184895833333335
7 0.5047815393518519 0.30632233796296293 0.11469907407407409 0.18535879629629637
4 0.6137008101851852 0.28312355324074073 0.1220486111111112 0.17013888888888895
9 0.5043113425925926 0.4867332175925926 0.12032696759259265 0.17785011574074083
0 0.6152416087962963 0.4614800347222222 0.13802083333333326 0.182667824074074
9 0.5558955439814814 0.6215422453703703 0.08148148148148149 0.11733217592592604
6 0.6275896990740741 0.6041739004629629 0.08159722222222232 0.12123842592592604
1 0.33760850694444444 0.22235966435185184 0.027068865740740744 0.057957175925925974
0 0.37785011574074073 0.21344762731481481 0.048958333333333326 0.07274305555555555
1 0.42504340277777775 0.20027488425925927 0.03310185185185177 0.06412037037037033
8 0.5006727430555555 0.18172743055555557 0.04901620370370363 0.0746961805555556
0 0.554615162037037 0.1711299189814815 0.050911458333333215 0.07284432870370372
2 0.5929615162037036 0.1603660300925926 0.052864583333333215 0.07294560185185184