1 0.4423828125 0.3447265625 0.0439453125 0.15234375
7 0.5439453125 0.337890625 0.0810546875 0.16796875
4 0.6533203125 0.33984375 0.091796875 0.150390625
9 0.5166015625 0.5166015625 0.0888671875 0.1591796875
0 0.62890625 0.5166015625 0.1064453125 0.16015625
9 0.5478515625 0.662109375 0.060546875 0.1044921875
6 0.6201171875 0.6611328125 0.060546875 0.1083984375
1 0.392578125 0.216796875 0.0166015625 0.0546875
0 0.4326171875 0.2177734375 0.0361328125 0.0654296875
1 0.48046875 0.21484375 0.0205078125 0.060546875
8 0.5576171875 0.2138671875 0.03515625 0.06640625
0 0.611328125 0.21484375 0.0380859375 0.0654296875
2 0.650390625 0.212890625 0.0390625 0.0654296875