1 0.4375 0.37582465277777777 0.07732928240740744 0.2432002314814815
3 0.543872974537037 0.37935474537037034 0.15248842592592604 0.26969039351851853
7 0.674732349537037 0.6714916087962963 0.14048032407407396 0.2617042824074074
1 0.7261646412037037 0.3908492476851852 0.07921006944444442 0.24127604166666672
7 0.3819082754629629 0.8742983217592593 0.05251736111111116 0.10033275462962954
9 0.6383101851851851 0.8898220486111111 0.0604745370370372 0.10435474537037037
1 0.4672309027777778 0.1798683449074074 0.02177372685185186 0.06083622685185186
1 0.6573712384259259 0.19050202546296297 0.01974826388888884 0.05885416666666665
1 0.754955150462963 0.1939019097222222 0.01974826388888884 0.05885416666666665
0 0.5139973958333334 0.18349247685185185 0.03964120370370372 0.06890914351851851
4 0.5569661458333333 0.1841290509259259 0.03949652777777768 0.06500289351851851