1 0.44535011574074074 0.39296875 0.07256944444444446 0.2578125
3 0.5584085648148148 0.381640625 0.15108796296296295 0.284375
7 0.7416493055555555 0.669140625 0.1400115740740741 0.275
1 0.7535503472222222 0.366796875 0.0741087962962963 0.25625
7 0.4624392361111111 0.926953125 0.053136574074074086 0.10625
9 0.7369762731481482 0.90546875 0.060995370370370415 0.109375
1 0.44611979166666665 0.1828125 0.019710648148148026 0.06484375
1 0.6499016203703704 0.16484375 0.018125000000000037 0.06328125
1 0.7543605324074074 0.15390625 0.017332175925925952 0.0625
0 0.4969646990740741 0.178515625 0.040138888888888856 0.07265625
4 0.5419675925925926 0.173046875 0.04005787037037045 0.0671875