1 0.48919270833333334 0.38589409722222223 0.10807291666666663 0.24822048611111103
3 0.596484375 0.4033203125 0.1864583333333334 0.2848090277777777
7 0.7270182291666667 0.7109592013888889 0.17408854166666665 0.2745225694444444
1 0.7789713541666666 0.43869357638888895 0.1098958333333333 0.24635416666666665
7 0.4330729166666667 0.8731553819444444 0.06549479166666661 0.10611979166666652
9 0.6905598958333333 0.9235460069444444 0.07356770833333326 0.1103732638888888
1 0.5192708333333333 0.19444444444444445 0.029427083333333215 0.06167534722222223
1 0.7095703124999999 0.23016493055555556 0.027473958333333215 0.06158854166666666
1 0.8080729166666667 0.24720052083333333 0.02734375 0.05963541666666672
0 0.5666666666666667 0.2043402777777778 0.049609374999999956 0.07230902777777781
4 0.6098958333333333 0.21015625 0.047395833333333304 0.06831597222222219