1 0.4423828125 0.373046875 0.0517578125 0.2392578125
3 0.548828125 0.3671875 0.125 0.259765625
7 0.7099609375 0.646484375 0.1142578125 0.251953125
1 0.7314453125 0.36328125 0.0537109375 0.2373046875
7 0.439453125 0.873046875 0.04296875 0.0966796875
9 0.697265625 0.8671875 0.05078125 0.099609375
1 0.451171875 0.17578125 0.0146484375 0.0595703125
1 0.6416015625 0.169921875 0.013671875 0.05859375
1 0.7392578125 0.1650390625 0.0126953125 0.0576171875
0 0.498046875 0.1748046875 0.033203125 0.06640625
4 0.541015625 0.171875 0.033203125 0.0615234375