1 0.44271592091571277 0.3728720083246618 0.05172736732570239 0.2393340270551509
3 0.5484911550468262 0.36766909469302805 0.12452653485952134 0.2601456815816857
7 0.7097710718002082 0.6460249739854319 0.1140894901144641 0.25147762747138397
1 0.7314464099895941 0.36334027055150886 0.05339229968782518 0.23759625390218525
7 0.43962539021852237 0.8732362122788762 0.04280957336108221 0.09710718002081165
9 0.6974817898022893 0.8668990634755463 0.0504786680541103 0.09991675338189386
1 0.45088449531737773 0.176264308012487 0.014661810613943808 0.05981269510926118
1 0.6415504682622268 0.16992715920915713 0.013204994797086369 0.05840790842872009
1 0.7396982310093653 0.16465140478668053 0.012476586888657649 0.0577003121748179
0 0.4980228928199792 0.17485952133194588 0.03294484911550468 0.06684703433922996
4 0.540582726326743 0.17203954214360043 0.03363163371488034 0.06121748178980229