1 0.4671875 0.246875 0.09296875 0.121875
3 0.55078125 0.24609375 0.065625 0.1359375
1 0.62421875 0.25546875 0.07265625 0.12109375
8 0.5484375 0.41796875 0.07421875 0.14296875
5 0.62421875 0.42109375 0.059375 0.13984375
5 0.59140625 0.5453125 0.0421875 0.1
5 0.38046875 0.51328125 0.0234375 0.0484375
0 0.4171875 0.5140625 0.02734375 0.046875
1 0.4453125 0.51484375 0.0234375 0.04140625
1 0.41640625 0.56875 0.03515625 0.04375
3 0.44765625 0.56796875 0.025 0.04921875
8 0.37734375 0.5671875 0.02890625 0.0484375
3 0.6390625 0.54609375 0.0453125 0.09765625