1 0.4703125 0.246875 0.0921875 0.12109375
3 0.55390625 0.24609375 0.06484375 0.134375
1 0.62578125 0.25546875 0.071875 0.11953125
8 0.55078125 0.415625 0.0734375 0.14140625
5 0.62578125 0.41953125 0.05859375 0.13828125
5 0.59375 0.54140625 0.0421875 0.0984375
5 0.38515625 0.51015625 0.02265625 0.04765625
0 0.42109375 0.5109375 0.0265625 0.046875
1 0.44921875 0.51171875 0.0234375 0.040625
1 0.42109375 0.56484375 0.03515625 0.04296875
3 0.4515625 0.5640625 0.025 0.0484375
8 0.38203125 0.5640625 0.02890625 0.04765625
3 0.640625 0.54296875 0.04453125 0.096875