1 0.4990234375 0.24609375 0.041015625 0.119140625
3 0.564453125 0.24609375 0.078125 0.1337890625
1 0.6787109375 0.2548828125 0.0341796875 0.1181640625
8 0.560546875 0.416015625 0.0888671875 0.1416015625
5 0.65234375 0.4189453125 0.0712890625 0.138671875
5 0.61328125 0.5419921875 0.05078125 0.0986328125
5 0.3603515625 0.509765625 0.02734375 0.0478515625
0 0.4033203125 0.5107421875 0.0322265625 0.046875
1 0.4462890625 0.51171875 0.01171875 0.041015625
1 0.4169921875 0.564453125 0.015625 0.0419921875
3 0.44140625 0.564453125 0.0302734375 0.048828125
8 0.3564453125 0.5634765625 0.03515625 0.0478515625
3 0.669921875 0.54296875 0.0537109375 0.0966796875