1 0.49993489583333334 0.2309027777777778 0.053153935185185186 0.12248263888888888
3 0.565162037037037 0.23287037037037037 0.09302662037037046 0.13926504629629627
1 0.6776837384259259 0.2441623263888889 0.04719328703703707 0.12035590277777775
8 0.5427300347222221 0.402220775462963 0.10329861111111116 0.14932002314814818
5 0.6341218171296297 0.4073133680555555 0.0855179398148147 0.14489293981481488
5 0.5829210069444444 0.5297381365740741 0.0619068287037039 0.10324074074074074
5 0.33427372685185186 0.4922526041666666 0.03182870370370372 0.04969618055555558
0 0.37709056712962963 0.49390914351851856 0.03768807870370372 0.04986979166666661
1 0.4189308449074074 0.49559461805555555 0.015798611111111138 0.04142071759259258
1 0.38504774305555556 0.5473017939814815 0.019806134259259256 0.043489583333333304
3 0.4093605324074074 0.548531539351852 0.03583622685185184 0.05176504629629619
8 0.32470341435185185 0.545189525462963 0.03964120370370372 0.049927662037037024
3 0.6383825231481481 0.5319950810185186 0.06375868055555545 0.10134548611111116