1 0.47291956018518516 0.2899305555555555 0.05206018518518522 0.14091435185185192
3 0.5343287037037037 0.2867332175925926 0.08986111111111121 0.16261574074074076
1 0.6421296296296296 0.2915075231481482 0.04655671296296297 0.13836805555555554
8 0.5455266203703704 0.48061342592592593 0.10015625000000003 0.1723668981481481
5 0.6315162037037038 0.48028067129629626 0.08288773148148146 0.16626157407407405
5 0.6047945601851852 0.621947337962963 0.05875578703703717 0.11851851851851851
5 0.3647858796296296 0.5978153935185185 0.031313657407407366 0.05815972222222214
0 0.40507233796296294 0.5957899305555555 0.0359780092592592 0.056770833333333215
1 0.44494502314814816 0.5953125 0.015538194444444464 0.04742476851851851
1 0.42214409722222224 0.6570023148148147 0.01946759259259263 0.049131944444444464
3 0.44482928240740743 0.6558883101851851 0.03366898148148145 0.05902777777777786
8 0.3650549768518519 0.6587962962962963 0.03834490740740737 0.05842013888888893
3 0.6579774305555556 0.6200086805555556 0.061846064814814736 0.11629050925925917