1 0.4993075117370892 0.24618217054263566 0.040903755868544604 0.11939922480620155
3 0.5644718309859155 0.24618217054263566 0.07838028169014084 0.13414728682170543
1 0.6782863849765258 0.25501937984496126 0.034612676056338026 0.1179263565891473
8 0.5608920187793427 0.41569767441860467 0.0890962441314554 0.14151162790697674
5 0.6519483568075117 0.41938953488372094 0.07122065727699531 0.1385658914728682
5 0.6131220657276996 0.541734496124031 0.05070422535211268 0.09876937984496124
5 0.36039906103286384 0.5101356589147287 0.027746478873239437 0.047693798449612405
0 0.4037910798122065 0.5106589147286822 0.03231220657276995 0.04669573643410852
1 0.44620892018779346 0.5115988372093023 0.01171361502347418 0.040717054263565894
1 0.4170305164319249 0.564360465116279 0.01534037558685446 0.04165697674418605
3 0.4410093896713615 0.5641763565891473 0.02981220657276995 0.04837209302325582
8 0.35663145539906105 0.5637112403100775 0.034812206572769955 0.047819767441860464
3 0.669800469483568 0.5426162790697675 0.054143192488262916 0.09662790697674419