1 0.5316840277777778 0.2130859375 0.062297453703703765 0.12890625
3 0.5958188657407408 0.21953125 0.10193865740740726 0.15104166666666663
1 0.7063657407407408 0.2384765625 0.05632233796296293 0.12460937500000002
8 0.560597511574074 0.3885416666666667 0.11394675925925934 0.1615885416666667
5 0.6499493634259259 0.39915364583333335 0.0961950231481481 0.15455729166666665
5 0.5888888888888889 0.5192057291666667 0.06953125000000004 0.1098958333333333
5 0.34588396990740744 0.4642578125 0.03666087962962972 0.05312500000000009
0 0.3876736111111111 0.4682942708333333 0.04056712962962972 0.05338541666666674
1 0.43041087962962965 0.4732421875 0.018851273148148162 0.044140625000000044
1 0.39188368055555556 0.5235677083333333 0.022757523148148162 0.044401041666666696
3 0.41520543981481484 0.5259114583333333 0.03867187499999991 0.055208333333333304
8 0.3326316550925926 0.516796875 0.04453124999999991 0.05559895833333339
3 0.644263599537037 0.5252604166666667 0.07142650462962963 0.10807291666666674