1 0.36854456018518517 0.33063368055555553 0.03968171296296301 0.10081597222222224
2 0.4259201388888889 0.33034722222222224 0.08221643518518515 0.1134722222222222
0 0.5053674768518519 0.33718750000000003 0.08446759259259266 0.11039930555555558
0 0.49899305555555556 0.45142361111111107 0.08759259259259267 0.11046875000000007
8 0.41605324074074074 0.44528645833333336 0.09000578703703699 0.11286458333333335
3 0.3162789351851852 0.5297309027777778 0.022939814814814774 0.03642361111111114
7 0.4489814814814815 0.5553211805555556 0.06412615740740737 0.08262152777777772
2 0.5099884259259259 0.5590190972222222 0.0673206018518517 0.08503472222222222
2 0.3428877314814815 0.5318836805555556 0.025283564814814773 0.03647569444444443
0 0.36477430555555557 0.5327604166666667 0.024479166666666607 0.035677083333333214
9 0.31463252314814816 0.5663888888888888 0.022870370370370364 0.034079861111111144
5 0.34046006944444446 0.5685243055555556 0.021307870370370362 0.034045138888888896
0 0.36236979166666666 0.5701822916666666 0.02445601851851853 0.034895833333333216