1 0.3931640625 0.3100911458333333 0.03949652777777768 0.10934606481481479
2 0.4478298611111111 0.3119502314814815 0.08077256944444444 0.12319155092592593
0 0.5231770833333333 0.3226851851851852 0.08263888888888893 0.11938657407407405
0 0.5131727430555555 0.44312065972222225 0.08463541666666652 0.12144097222222228
8 0.4339409722222222 0.4331597222222222 0.08663194444444444 0.12349537037037028
3 0.3373480902777778 0.5198423032407408 0.02235243055555558 0.04017650462962963
7 0.4629340277777778 0.5526909722222222 0.06245659722222219 0.08907696759259265
2 0.5215928819444444 0.5586588541666666 0.06449652777777781 0.09308449074074066
2 0.3617838541666667 0.5220847800925925 0.02430555555555558 0.04027777777777786
0 0.38331163194444445 0.5251519097222221 0.024262152777777768 0.03832465277777786
9 0.33526475694444446 0.5577763310185185 0.022309027777777768 0.03822337962962963
5 0.3587456597222222 0.5609447337962963 0.022309027777777768 0.03822337962962963
0 0.379296875 0.5639612268518519 0.024262152777777768 0.03832465277777786