1 0.3719427036705461 0.29917 0.029597135183527308 0.105
2 0.4264010743061773 0.29417000000000004 0.06986571172784244 0.115
0 0.5017726051924799 0.29473 0.07214861235452104 0.11169
0 0.4984243509400179 0.41685 0.07502238137869292 0.11116
8 0.41924798567591764 0.41658 0.07743061772605192 0.11383
3 0.32668755595344673 0.5146499999999999 0.019570277529095792 0.03741
7 0.4527394807520143 0.53175 0.05541629364368845 0.08337
2 0.5113339301700984 0.5312100000000001 0.05779767233661594 0.08551
2 0.352041181736795 0.5146499999999999 0.021477170993733214 0.03741
0 0.37258728737690244 0.51425 0.020483437779767234 0.03625
9 0.3258997314234557 0.55371 0.019167412712623098 0.0351
5 0.3500179051029544 0.5538 0.01812891674127126 0.03526
0 0.3708863025962399 0.55388 0.020922112802148615 0.03543