1 0.3720703125 0.298828125 0.029296875 0.10546875
2 0.4267578125 0.2939453125 0.0703125 0.115234375
0 0.501953125 0.294921875 0.072265625 0.111328125
0 0.498046875 0.4169921875 0.0751953125 0.111328125
8 0.4189453125 0.4169921875 0.0771484375 0.1142578125
3 0.3271484375 0.5146484375 0.01953125 0.037109375
7 0.453125 0.5322265625 0.0556640625 0.0830078125
2 0.51171875 0.53125 0.0576171875 0.0859375
2 0.3515625 0.5146484375 0.021484375 0.037109375
0 0.373046875 0.5146484375 0.0205078125 0.0361328125
9 0.326171875 0.5537109375 0.01953125 0.03515625
5 0.349609375 0.5537109375 0.0185546875 0.03515625
0 0.37109375 0.5537109375 0.0205078125 0.03515625