1 0.34011140046296295 0.30859375 0.0434751157407407 0.107421875
2 0.39434317129629626 0.2998046875 0.08518518518518525 0.119140625
0 0.4698278356481482 0.294921875 0.0869068287037037 0.115234375
0 0.46747685185185184 0.4169921875 0.08897569444444442 0.1171875
8 0.3880280671296297 0.4228515625 0.09104456018518525 0.119140625
3 0.2969328703703704 0.5263671875 0.02379918981481488 0.0390625
7 0.423365162037037 0.53515625 0.06563946759259265 0.0859375
2 0.48224826388888886 0.5302734375 0.06782407407407409 0.08984375
2 0.3214048032407407 0.525390625 0.02575231481481488 0.0390625
0 0.34300491898148144 0.5234375 0.025636574074074048 0.037109375
9 0.29657118055555554 0.5654296875 0.023683449074074048 0.037109375
5 0.32006655092592595 0.564453125 0.023683449074074048 0.037109375
0 0.3416666666666667 0.5625 0.025636574074074048 0.037109375