1 0.34453125 0.3203125 0.08203125 0.096875
2 0.4265625 0.315625 0.06953125 0.103125
0 0.5015625 0.31640625 0.071875 0.1
0 0.4984375 0.42578125 0.075 0.09921875
8 0.41953125 0.425 0.07734375 0.1015625
3 0.3265625 0.51328125 0.01953125 0.03359375
7 0.453125 0.528125 0.05546875 0.075
2 0.51171875 0.528125 0.0578125 0.0765625
2 0.35234375 0.51328125 0.02109375 0.03359375
0 0.37265625 0.5125 0.0203125 0.0328125
9 0.32578125 0.5484375 0.01953125 0.03125
5 0.35 0.5484375 0.01796875 0.03125
0 0.37109375 0.5484375 0.02109375 0.03203125