1 0.3234375 0.31875 0.08828125 0.1046875
2 0.4125 0.31328125 0.07578125 0.1109375
0 0.49375 0.3140625 0.078125 0.1078125
0 0.48984375 0.43203125 0.08125 0.1078125
8 0.4046875 0.43203125 0.08359375 0.11015625
3 0.3046875 0.5265625 0.02109375 0.0359375
7 0.440625 0.54375 0.06015625 0.08046875
2 0.50390625 0.54296875 0.0625 0.0828125
2 0.33203125 0.5265625 0.0234375 0.0359375
0 0.35390625 0.5265625 0.021875 0.03515625
9 0.30390625 0.56484375 0.02109375 0.03359375
5 0.3296875 0.56484375 0.01953125 0.034375
0 0.35234375 0.56484375 0.02265625 0.034375