1 0.3834346064814815 0.2158203125 0.055931712962962954 0.16796875
2 0.4507667824074074 0.208984375 0.10290798611111107 0.181640625
0 0.5473741319444445 0.19921875 0.10290798611111107 0.181640625
0 0.5585648148148148 0.3916015625 0.10098379629629628 0.185546875
8 0.4638671875 0.3955078125 0.10290798611111107 0.181640625
7 0.5333695023148148 0.5498046875 0.04555844907407414 0.0859375
8 0.5773003472222222 0.5478515625 0.05141782407407414 0.0859375
1 0.34172453703703703 0.6494140625 0.017983217592592582 0.0546875
0 0.4285951967592593 0.6435546875 0.031669560185185186 0.056640625
0 0.36612413194444443 0.6474609375 0.033622685185185186 0.056640625
2 0.46176938657407407 0.6396484375 0.03363715277777779 0.05859375