1 0.4055960648148148 0.21655092592592595 0.05885416666666661 0.17619791666666665
2 0.47895254629629636 0.21053819444444444 0.10824652777777785 0.18828125
0 0.5823408564814814 0.20117766203703705 0.10824652777777785 0.18828125
0 0.5919444444444444 0.40112847222222225 0.10675347222222217 0.19295717592592593
8 0.49042824074074076 0.40500578703703705 0.10824652777777785 0.18828125
7 0.562349537037037 0.5658188657407408 0.04820601851851851 0.09019097222222214
8 0.6088107638888889 0.5639120370370371 0.05443287037037052 0.08867476851851848
1 0.3544560185185185 0.6673697916666667 0.01959490740740737 0.057170138888889
0 0.4481365740740741 0.6619878472222223 0.03446180555555554 0.05884259259259252
0 0.38100115740740736 0.6660011574074074 0.03602430555555554 0.058854166666666784
2 0.4840335648148148 0.6589872685185185 0.036817129629629616 0.05964120370370374