1 0.40234375 0.2080078125 0.04296875 0.166015625
2 0.4697265625 0.2060546875 0.0888671875 0.17578125
0 0.56640625 0.203125 0.0888671875 0.17578125
0 0.5634765625 0.3955078125 0.087890625 0.1796875
8 0.46875 0.3935546875 0.0888671875 0.17578125
7 0.525390625 0.5517578125 0.0390625 0.083984375
8 0.5693359375 0.552734375 0.044921875 0.08203125
1 0.3271484375 0.6376953125 0.0146484375 0.0537109375
0 0.4140625 0.6376953125 0.0283203125 0.0546875
0 0.3515625 0.6376953125 0.029296875 0.0546875
2 0.447265625 0.63671875 0.0302734375 0.0556640625