1 0.4213541666666667 0.19275173611111113 0.055931712962963065 0.16918402777777775
2 0.4887152777777778 0.19418402777777777 0.10290798611111107 0.18389756944444446
0 0.5853732638888889 0.19496527777777778 0.10290798611111107 0.18389756944444446
0 0.5673466435185185 0.3877170138888889 0.10098379629629628 0.18776041666666665
8 0.4736617476851852 0.38101128472222223 0.10290798611111107 0.18389756944444446
7 0.5173828125 0.5421223958333333 0.04555844907407414 0.0869357638888888
8 0.5612991898148147 0.5450520833333333 0.05141782407407414 0.08706597222222223
1 0.31372974537037035 0.6179253472222221 0.017983217592592582 0.05507812500000009
0 0.3996166087962963 0.6228515625 0.031669560185185186 0.05733506944444455
0 0.3381293402777778 0.6193359375 0.033622685185185186 0.05737847222222214
2 0.4328125 0.6230902777777778 0.03363715277777779 0.05933159722222214