1 0.40213150289017335 0.20764617691154422 0.04311416184971099 0.1664167916041979
2 0.47004335260115604 0.20614692653673164 0.08933526011560694 0.17541229385307347
0 0.5668497109826589 0.20314842578710646 0.08930635838150289 0.17541229385307347
0 0.5632369942196531 0.39580209895052476 0.0878684971098266 0.17991004497751126
8 0.4685982658959537 0.39355322338830584 0.08933526011560694 0.17541229385307347
7 0.525671965317919 0.5517241379310345 0.03875 0.08395802098950525
8 0.5690173410404624 0.5524737631184408 0.044515895953757226 0.08245877061469266
1 0.3270303468208093 0.6376011994002998 0.014299132947976878 0.05408545727136432
0 0.41412572254335256 0.6372413793103449 0.0279985549132948 0.05479010494752624
0 0.35171242774566475 0.6372413793103449 0.02938583815028902 0.05479010494752624
2 0.4470447976878613 0.6368890554722639 0.030736994219653178 0.055502248875562224