1 0.48079 0.32522 0.018539999999999997 0.07574
1 0.52436 0.32432 0.01672 0.07393999999999999
9 0.5673400000000001 0.32432 0.04376 0.07514
8 0.5336799999999999 0.41058 0.04858 0.07454000000000001
1 0.58087 0.41089 0.01671 0.07274
7 0.5258700000000001 0.48723 0.03656 0.060719999999999996
0 0.5685399999999999 0.48663 0.03775 0.05951
8 0.42398 0.49294 0.02997 0.04328
3 0.45253 0.49294 0.02576 0.04689
1 0.5272 0.27232 0.00608 0.024050000000000002
0 0.54467 0.27223 0.01526 0.024739999999999998
0 0.58748 0.2721 0.01551 0.024480000000000002
1 0.5691 0.27258 0.00556 0.022850000000000002