1 0.471875 0.3234375 0.0375 0.07109375
1 0.5140625 0.32109375 0.03671875 0.06796875
9 0.5671875 0.32421875 0.04375 0.075
8 0.53359375 0.4109375 0.0484375 0.07421875
1 0.575 0.4109375 0.028125 0.07265625
7 0.52578125 0.4875 0.03671875 0.0609375
0 0.56875 0.48671875 0.0375 0.059375
8 0.42421875 0.49296875 0.0296875 0.04296875
3 0.45234375 0.49296875 0.02578125 0.046875
1 0.52734375 0.27265625 0.00625 0.02421875
0 0.54453125 0.271875 0.015625 0.025
0 0.5875 0.271875 0.015625 0.02421875
1 0.56875 0.27265625 0.00546875 0.02265625