1 0.4744791666666667 0.3021701388888889 0.03059895833333337 0.07925347222222223
1 0.5182291666666667 0.3031467013888889 0.028515624999999822 0.07721354166666661
9 0.5599609375000001 0.30518663194444445 0.05598958333333348 0.08038194444444446
8 0.5134765625 0.38904079861111107 0.05989583333333348 0.08055555555555549
1 0.5609375 0.39277343750000004 0.028385416666666607 0.07526041666666661
7 0.49375 0.46586371527777776 0.04518229166666665 0.06432291666666667
0 0.5365234375 0.4668836805555555 0.04713541666666665 0.06440972222222219
8 0.39238281249999996 0.46744791666666663 0.03619791666666661 0.04639756944444451
3 0.4205078125 0.46911892361111107 0.03255208333333326 0.05013020833333326
1 0.528515625 0.2510850694444444 0.009505208333333348 0.025737847222222276
0 0.5459635416666666 0.25225694444444446 0.019270833333333126 0.026171874999999956
0 0.588671875 0.2542534722222222 0.019270833333333348 0.026171874999999956
1 0.5702473958333334 0.253125 0.009374999999999911 0.023784722222222276