1 0.4609375 0.3046875 0.03984375 0.0765625
1 0.50703125 0.303125 0.0390625 0.07265625
9 0.56328125 0.30625 0.046875 0.08046875
8 0.52734375 0.3984375 0.0515625 0.0796875
1 0.571875 0.3984375 0.0296875 0.07734375
7 0.51875 0.4796875 0.0390625 0.06484375
0 0.56484375 0.4796875 0.040625 0.06328125
8 0.41015625 0.4859375 0.03203125 0.04609375
3 0.440625 0.4859375 0.02734375 0.05
1 0.5203125 0.25078125 0.00625 0.02578125
0 0.5390625 0.25078125 0.01640625 0.0265625
0 0.584375 0.25078125 0.01640625 0.02578125
1 0.56484375 0.25078125 0.00625 0.02421875