1 0.4527271412037037 0.3409215856481481 0.0282841435185186 0.07887731481481475
1 0.49681712962962965 0.3383174189814815 0.02625868055555558 0.07686631944444444
9 0.5399305555555556 0.33568431712962965 0.0536747685185186 0.07962962962962972
8 0.5103081597222222 0.4227936921296296 0.0575810185185186 0.07974537037037033
1 0.5582682291666666 0.4212818287037037 0.02618634259259256 0.07491319444444455
7 0.5064380787037037 0.5008897569444444 0.04333043981481488 0.06371527777777786
0 0.5495876736111112 0.4972800925925926 0.04528356481481488 0.06377314814814816
8 0.4053096064814815 0.5125578703703704 0.03486689814814814 0.04590567129629619
3 0.43373842592592593 0.5104673032407407 0.03110532407407407 0.04969618055555558
1 0.4977936921296296 0.2855541087962963 0.00875289351851849 0.025622106481481444
0 0.5154079861111112 0.28509837962962964 0.0185185185185186 0.025911458333333304
0 0.557544849537037 0.2824363425925926 0.0185185185185186 0.025911458333333304
1 0.5389178240740741 0.283839699074074 0.00868055555555558 0.023668981481481444