1 0.4732957175925926 0.33256655092592596 0.023263888888888928 0.08287037037037041
1 0.5197569444444444 0.3277199074074074 0.021689814814814846 0.08125
9 0.5658391203703703 0.3244502314814815 0.05060763888888893 0.08388310185185191
8 0.5341145833333334 0.4197916666666667 0.056070601851851976 0.08330439814814809
1 0.5848842592592594 0.41634837962962956 0.02089699074074076 0.07965856481481488
7 0.5288657407407408 0.5024305555555555 0.041898148148148094 0.06793981481481488
0 0.5749421296296295 0.49837962962962956 0.043454861111111145 0.06721643518518512
8 0.4199565972222222 0.5166232638888889 0.03394097222222214 0.048119212962962975
3 0.45119791666666664 0.5142939814814815 0.02928240740740744 0.051851851851851906
1 0.5205179398148149 0.27220775462962965 0.007222222222222285 0.026041666666666696
0 0.5392621527777777 0.2707320601851852 0.01739004629629619 0.027980324074074046
0 0.5853443287037037 0.2674623842592593 0.01739004629629619 0.027980324074074046
1 0.5658188657407408 0.2689670138888889 0.007210648148148024 0.024479166666666698