1 0.48046875 0.3251953125 0.0185546875 0.076171875
1 0.5244140625 0.32421875 0.0166015625 0.07421875
9 0.5673828125 0.32421875 0.0439453125 0.0751953125
8 0.533203125 0.41015625 0.048828125 0.07421875
1 0.5810546875 0.4111328125 0.0166015625 0.072265625
7 0.525390625 0.4873046875 0.0361328125 0.060546875
0 0.568359375 0.486328125 0.0380859375 0.0595703125
8 0.423828125 0.4931640625 0.0302734375 0.04296875
3 0.4521484375 0.4931640625 0.025390625 0.046875
1 0.52734375 0.2724609375 0.005859375 0.0244140625
0 0.544921875 0.2724609375 0.015625 0.0244140625
0 0.587890625 0.2724609375 0.015625 0.0244140625
1 0.5693359375 0.2724609375 0.005859375 0.0224609375