1 0.2548828125 0.51171875 0.052734375 0.25390625
1 0.666015625 0.51171875 0.0478515625 0.25390625
1 0.74609375 0.517578125 0.015625 0.0546875
1 0.82421875 0.51953125 0.0126953125 0.052734375
0 0.5048828125 0.51171875 0.1162109375 0.2587890625
2 0.3447265625 0.51171875 0.1201171875 0.2568359375
6 0.7431640625 0.4267578125 0.02734375 0.0537109375
0 0.783203125 0.4287109375 0.02734375 0.056640625
0 0.814453125 0.427734375 0.029296875 0.0576171875
2 0.7421875 0.6123046875 0.03515625 0.0615234375
9 0.77734375 0.6123046875 0.03125 0.0595703125
5 0.8134765625 0.625 0.0185546875 0.0341796875