1 0.2636284722222222 0.5263093171296296 0.07019675925925917 0.2563512731481481
1 0.6734664351851851 0.507863136574074 0.06433738425925917 0.2563078703703705
1 0.7545500578703703 0.5104166666666667 0.018388310185185164 0.054817708333333215
1 0.8326461226851851 0.5090422453703703 0.016406250000000178 0.05285011574074083
0 0.5134403935185186 0.5154658564814815 0.1328125 0.2646267361111112
2 0.3533998842592593 0.5220920138888889 0.13671875 0.2646556712962962
6 0.7453920717592593 0.4195384837962963 0.030107060185185164 0.05490451388888884
0 0.7854311342592593 0.4198350694444445 0.03016493055555558 0.05881076388888884
0 0.8166377314814814 0.41713686342592593 0.03407118055555558 0.05883969907407405
2 0.7569299768518518 0.6051504629629629 0.039988425925925775 0.06278935185185186
9 0.7920572916666666 0.6034577546296296 0.036053240740740566 0.06080729166666665
5 0.8283492476851853 0.6144675925925926 0.020052083333333304 0.03530092592592604