1 0.1404658564814815 0.4941521990740741 0.08101851851851852 0.2911458333333334
1 0.6054542824074074 0.5251359953703704 0.07554976851851851 0.2909837962962964
1 0.6953414351851851 0.5371846064814815 0.02262731481481488 0.06310185185185198
1 0.783420138888889 0.5452690972222223 0.019444444444444285 0.06144675925925931
0 0.42290219907407406 0.5126880787037037 0.15324074074074084 0.30265046296296294
2 0.24111689814814813 0.5006539351851852 0.1578414351851852 0.30044560185185193
6 0.6995515046296296 0.43407118055555555 0.03587962962962976 0.06271412037037045
0 0.7455295138888889 0.4385619212962963 0.03599537037037024 0.06583912037037046
0 0.7798900462962963 0.43997106481481485 0.03758680555555553 0.06666666666666661
2 0.6835648148148149 0.6439843749999999 0.0448206018518519 0.07234374999999993
9 0.722583912037037 0.6463136574074074 0.04007523148148149 0.07064236111111111
5 0.762991898148148 0.6639351851851851 0.024103009259259168 0.039733796296296295