1 0.254948717948718 0.5114102564102564 0.05305128205128205 0.2538205128205128
1 0.6662820512820513 0.512025641025641 0.047948717948717946 0.2538205128205128
1 0.745974358974359 0.517974358974359 0.01605128205128205 0.054384615384615385
1 0.8238205128205128 0.5198461538461538 0.012923076923076923 0.053153846153846156
0 0.5046923076923078 0.5114102564102564 0.11612820512820513 0.2588205128205128
2 0.3443333333333333 0.5117179487179487 0.12053846153846154 0.25694871794871793
6 0.7428461538461538 0.427 0.027307692307692307 0.053769230769230764
0 0.7834871794871795 0.42825641025641026 0.027307692307692307 0.05625641025641026
0 0.8144358974358974 0.42764102564102563 0.029179487179487183 0.057512820512820514
2 0.7422307692307692 0.6120769230769231 0.03482051282051282 0.06125641025641026
9 0.7772307692307693 0.6120769230769231 0.03105128205128205 0.06002564102564103
5 0.8134871794871794 0.6252051282051282 0.01853846153846154 0.03376923076923077