1 0.27667100694444446 0.4864583333333333 0.08567708333333335 0.258912037037037
1 0.6874565972222222 0.5165292245370371 0.08177083333333335 0.2588541666666666
1 0.7671223958333333 0.528052662037037 0.022048611111111116 0.05692997685185186
1 0.8456380208333334 0.5356843171296296 0.01992187500000009 0.05299479166666665
0 0.5266493055555556 0.5042534722222223 0.15056423611111103 0.269632523148148
2 0.36686197916666663 0.4929398148148148 0.15438368055555562 0.26773726851851853
6 0.7689453125 0.4371455439814815 0.033767361111111116 0.057103587962963
0 0.8082682291666667 0.4424262152777778 0.03385416666666652 0.05905671296296289
0 0.8395616319444444 0.4429398148148148 0.03784722222222214 0.061067708333333304
2 0.7595703125 0.6219762731481482 0.04388020833333339 0.06506076388888893
9 0.7948567708333334 0.6243851273148148 0.03988715277777777 0.06304976851851851
5 0.8307074652777777 0.6394892939814815 0.02304687499999991 0.03547453703703707