1 0.221875 0.50859375 0.1125 0.2484375
1 0.63203125 0.51328125 0.11640625 0.25703125
1 0.73671875 0.51875 0.034375 0.05546875
1 0.81484375 0.52109375 0.03125 0.05625
0 0.5046875 0.51171875 0.11640625 0.25859375
2 0.34453125 0.51171875 0.1203125 0.25703125
6 0.74296875 0.42734375 0.02734375 0.05390625
0 0.78359375 0.428125 0.02734375 0.05625
0 0.8140625 0.42734375 0.02890625 0.0578125
2 0.7421875 0.61171875 0.03515625 0.0609375
9 0.77734375 0.61171875 0.03125 0.06015625
5 0.81328125 0.625 0.01875 0.03359375