1 0.4599609375 0.2236328125 0.056640625 0.2119140625
3 0.5537109375 0.2197265625 0.1142578125 0.2353515625
0 0.6953125 0.2177734375 0.115234375 0.228515625
7 0.568359375 0.5205078125 0.1162109375 0.248046875
3 0.7158203125 0.52734375 0.1123046875 0.2607421875
0 0.25390625 0.71484375 0.0478515625 0.0869140625
0 0.3203125 0.712890625 0.0458984375 0.0859375
4 0.3720703125 0.71484375 0.044921875 0.0771484375
6 0.654296875 0.7626953125 0.0849609375 0.185546875
9 0.7509765625 0.7607421875 0.0771484375 0.185546875
1 0.392578125 0.814453125 0.017578125 0.08203125
1 0.2666015625 0.814453125 0.0205078125 0.0791015625
0 0.3271484375 0.814453125 0.048828125 0.0888671875