1 0.4038917824074074 0.16519965277777776 0.10023726851851862 0.24515625000000002
3 0.5053153935185185 0.1487065972222222 0.16844328703703706 0.27869791666666666
0 0.6610619212962963 0.1369357638888889 0.1689988425925925 0.2482465277777778
7 0.5768778935185186 0.47719618055555557 0.17247685185185196 0.2959722222222222
3 0.7400231481481481 0.46246527777777774 0.1710127314814814 0.30921875000000015
0 0.2671440972222222 0.7382378472222222 0.06795138888888888 0.1046180555555555
0 0.3393113425925926 0.7265625 0.06638310185185184 0.10380208333333325
4 0.39706886574074074 0.7204253472222222 0.06318865740740734 0.09435763888888893
6 0.7158478009259259 0.7314149305555555 0.12740740740740755 0.2223263888888889
9 0.821177662037037 0.7150086805555556 0.11880208333333328 0.22057291666666662
1 0.43770254629629635 0.827951388888889 0.03428240740740733 0.09371527777777758
1 0.29918981481481477 0.8463541666666667 0.037390046296296296 0.09144097222222243
0 0.3655237268518518 0.838064236111111 0.0703125 0.10701388888888914