1 0.5153284143518518 0.22447193287037037 0.09827835648148153 0.21942997685185184
3 0.6084780092592592 0.2378544560185185 0.16176215277777795 0.25309606481481484
0 0.7487919560185186 0.2613498263888889 0.15957754629629628 0.24526909722222223
7 0.5792462384259259 0.536400462962963 0.166015625 0.26484375000000004
3 0.724732349537037 0.5696976273148148 0.16440972222222228 0.27654803240740744
0 0.24052372685185186 0.6705801504629629 0.06527777777777777 0.09421296296296289
0 0.3062427662037037 0.6808304398148148 0.06326678240740735 0.0922453703703705
4 0.35734230324074073 0.6919487847222223 0.06108217592592591 0.08441840277777768
6 0.6297092013888889 0.7896484375 0.1210792824074074 0.19811921296296298
9 0.7258752893518519 0.8059823495370371 0.11320891203703698 0.19610821759259256
1 0.36328125 0.7935329861111111 0.03373842592592591 0.08421585648148144
1 0.23862123842592592 0.7711299189814815 0.0356336805555556 0.08227719907407405
0 0.2984809027777778 0.7813368055555556 0.06728877314814818 0.09618055555555571