1 0.4599623588456712 0.22350062735257215 0.056185696361355085 0.2117314930991217
3 0.5532622333751568 0.21957340025094102 0.11417816813048934 0.23525721455457968
0 0.6951819322459222 0.21800501882057716 0.11572145545796739 0.22898368883312423
7 0.568168130489335 0.520702634880803 0.1157465495608532 0.24780426599749059
3 0.7155708908406524 0.5269761606022585 0.11257214554579674 0.2603513174404015
0 0.2537766624843162 0.7146047678795483 0.047666248431618576 0.08653701380175659
0 0.3199498117942284 0.7130112923462986 0.046373902132998746 0.08590966122961104
4 0.3724466750313676 0.7146047678795483 0.04445420326223337 0.07762860727728983
6 0.6543036386449185 0.762961104140527 0.08510664993726474 0.18580928481806777
9 0.7510163111668757 0.7610539523212044 0.07745294855708908 0.18580928481806777
1 0.39279799247176916 0.8148306148055207 0.017728983688833126 0.08208281053952321
1 0.26649937264742785 0.8141907151819322 0.02094102885821832 0.0795357590966123
0 0.3269510664993726 0.8148306148055207 0.04892095357590966 0.08844416562107904