1 0.46015625 0.2234375 0.05625 0.21171875
3 0.553125 0.21953125 0.1140625 0.23515625
0 0.6953125 0.21796875 0.115625 0.22890625
7 0.56796875 0.5203125 0.115625 0.24765625
3 0.715625 0.52734375 0.1125 0.26015625
0 0.25390625 0.71484375 0.04765625 0.08671875
0 0.3203125 0.71328125 0.04609375 0.0859375
4 0.37265625 0.71484375 0.04453125 0.07734375
6 0.6546875 0.76328125 0.08515625 0.1859375
9 0.75078125 0.7609375 0.07734375 0.1859375
1 0.39296875 0.81484375 0.01796875 0.08203125
1 0.26640625 0.8140625 0.02109375 0.0796875
0 0.3265625 0.81484375 0.04921875 0.08828125