1 0.4051649305555556 0.24048032407407408 0.09827835648148153 0.22010995370370373
3 0.4975405092592593 0.22230902777777778 0.16176215277777772 0.2542390046296297
0 0.6379701967592593 0.1980107060185185 0.15957754629629628 0.24639756944444446
7 0.5562138310185185 0.5172526041666666 0.166015625 0.2660156250000001
3 0.7032769097222222 0.4998914930555555 0.16440972222222228 0.27770543981481477
0 0.272583912037037 0.7582754629629629 0.06527777777777777 0.09467592592592577
0 0.3383897569444444 0.7465494791666667 0.06326678240740735 0.09269386574074079
4 0.38940248842592595 0.7394892939814814 0.06108217592592591 0.08485243055555558
6 0.6755931712962963 0.7417751736111111 0.1210792824074074 0.19897280092592595
9 0.7708695023148149 0.7246238425925926 0.1132089120370372 0.19690393518518512
1 0.424681712962963 0.8347800925925926 0.03373842592592591 0.08444733796296289
1 0.29999276620370374 0.8554036458333334 0.03563368055555549 0.0825231481481481
0 0.3598813657407407 0.8455439814814816 0.06728877314814818 0.09665798611111098