1 0.4409581497797357 0.3209581497797357 0.05951541850220264 0.27690528634361233
1 0.6069273127753304 0.3186013215859031 0.05789647577092511 0.27848017621145377
9 0.7280506607929516 0.3154515418502203 0.1459691629955947 0.291068281938326
7 0.5919713656387665 0.6450550660792952 0.13812775330396476 0.2957819383259912
7 0.7642290748898678 0.6379845814977974 0.13965859030837005 0.2973568281938326
8 0.7571585903083701 0.9063105726872246 0.053138766519823785 0.11940528634361233
9 0.8244823788546255 0.9022136563876653 0.052962555066079296 0.11848017621145374
0 0.3757599118942731 0.9223237885462555 0.06024229074889868 0.12134361233480177
1 0.4626321585903084 0.9187334801762115 0.022896475770925108 0.11273127753303964
5 0.435704845814978 0.0951431718061674 0.036541850220264314 0.07827092511013214
0 0.503557268722467 0.09370044052863435 0.03580396475770925 0.0753964757709251
9 0.5512995594713657 0.09406387665198238 0.03650881057268722 0.07468061674008811
1 0.6220154185022027 0.09334801762114538 0.01567180616740088 0.06605726872246696
0 0.6557599118942731 0.09370044052863435 0.03864537444933921 0.07395374449339208
2 0.7221696035242291 0.09190528634361234 0.03933920704845815 0.07754405286343612