1 0.44140625 0.3212890625 0.0595703125 0.27734375
1 0.6064453125 0.318359375 0.0576171875 0.2783203125
9 0.728515625 0.3154296875 0.1455078125 0.291015625
7 0.591796875 0.6455078125 0.1376953125 0.2958984375
7 0.7646484375 0.6376953125 0.1396484375 0.296875
8 0.7568359375 0.90625 0.052734375 0.119140625
9 0.82421875 0.90234375 0.052734375 0.1181640625
0 0.3759765625 0.921875 0.060546875 0.12109375
1 0.462890625 0.9189453125 0.0224609375 0.1123046875
5 0.435546875 0.0947265625 0.0361328125 0.078125
0 0.50390625 0.09375 0.0361328125 0.0751953125
9 0.5517578125 0.09375 0.0361328125 0.07421875
1 0.6220703125 0.09375 0.015625 0.06640625
0 0.6552734375 0.09375 0.0390625 0.07421875
2 0.72265625 0.091796875 0.0390625 0.0771484375