1 0.38111979166666665 0.29859085648148154 0.07873263888888885 0.31072337962962965
1 0.5656336805555555 0.29780381944444445 0.07644097222222221 0.3129976851851852
9 0.7009114583333333 0.29633969907407404 0.17524305555555558 0.3323206018518519
7 0.5474045138888889 0.6607841435185186 0.1667361111111111 0.3359722222222222
7 0.7390538194444444 0.6555179398148148 0.16835069444444456 0.3383622685185184
8 0.7297222222222223 0.9426967592592593 0.06387152777777771 0.11460648148148138
9 0.8048177083333334 0.9414641203703702 0.06388888888888893 0.11707175925925953
0 0.30440972222222223 0.9484461805555554 0.0720138888888889 0.10310763888888914
1 0.4016753472222222 0.9501938657407407 0.030607638888889 0.09961226851851848
5 0.3760590277777778 0.05140335648148148 0.04388888888888891 0.07781249999999999
0 0.4511197916666667 0.0508912037037037 0.04383680555555571 0.07546875
9 0.5046527777777777 0.05169560185185186 0.0438194444444445 0.07468749999999999
1 0.5832552083333333 0.05011574074074073 0.019427083333333428 0.06615740740740741
0 0.6191493055555556 0.05313368055555555 0.046076388888888785 0.07085069444444445
2 0.6937673611111111 0.054953703703703706 0.04684027777777775 0.0700925925925926