1 0.4096354166666667 0.32178819444444445 0.10394965277777768 0.28537326388888884
1 0.5732855902777778 0.2927734375 0.10199652777777768 0.28532986111111114
9 0.6938585069444445 0.26959635416666666 0.19240451388888902 0.31271701388888895
7 0.5973090277777777 0.6172743055555555 0.18467881944444464 0.3164496527777778
7 0.7679253472222223 0.5822482638888888 0.18663194444444464 0.3164930555555556
8 0.7912977430555556 0.8481987847222223 0.07113715277777777 0.12651909722222232
9 0.8579861111111111 0.8340277777777778 0.07113715277777777 0.12651909722222232
0 0.41477864583333335 0.9248914930555555 0.07903645833333339 0.13059895833333335
1 0.5010416666666666 0.9083333333333333 0.03967013888888893 0.11605902777777777
5 0.3774956597222222 0.09898003472222222 0.048697916666666674 0.08307291666666666
0 0.4451171875 0.08674045138888889 0.04865451388888886 0.08111979166666666
9 0.4930989583333333 0.07981770833333333 0.04861111111111116 0.07916666666666666
1 0.5626519097222222 0.06851128472222222 0.02690972222222232 0.06892361111111112
0 0.5959635416666667 0.06289062499999999 0.05056423611111116 0.07921006944444445
2 0.6626302083333333 0.04969618055555555 0.050651041666666785 0.08311631944444445