1 0.45330584490740744 0.31474971064814816 0.0688657407407407 0.2782118055555556
1 0.618236400462963 0.309375 0.06886574074074092 0.2782118055555556
9 0.7401982060185186 0.3046368634259259 0.1553096064814814 0.29315682870370363
7 0.6157045717592593 0.6367404513888889 0.14771412037037024 0.298900462962963
7 0.7882667824074074 0.6263671875 0.15162037037037024 0.29895833333333344
8 0.7904007523148149 0.8950376157407407 0.05714699074074092 0.11992187500000018
9 0.8576388888888888 0.8901331018518519 0.05707465277777768 0.11796875000000018
0 0.4101200810185185 0.9163049768518519 0.06503182870370372 0.12199074074074079
1 0.49692563657407407 0.9120876736111111 0.02763310185185186 0.11362847222222228
5 0.4390552662037037 0.0882740162037037 0.0380497685185186 0.07864583333333336
0 0.5073784722222222 0.08628472222222222 0.03790509259259256 0.07473958333333333
9 0.5552300347222222 0.08557581018518519 0.03790509259259256 0.07473958333333333
1 0.6255425347222222 0.08453414351851851 0.0180844907407407 0.0666377314814815
0 0.6587456597222222 0.08404224537037037 0.04181134259259256 0.07479745370370369
2 0.7260561342592593 0.08109085648148148 0.0419560185185186 0.07870370370370369