1 0.4 0.3328125 0.1484375 0.31484375
1 0.575 0.325 0.1453125 0.3046875
9 0.74296875 0.3140625 0.15234375 0.30390625
7 0.60078125 0.65859375 0.14453125 0.30859375
7 0.78046875 0.65078125 0.14609375 0.31015625
8 0.77265625 0.93125 0.05546875 0.125
9 0.84296875 0.9265625 0.05546875 0.1234375
0 0.373828125 0.941796875 0.06328125 0.11640625
1 0.4453125 0.9421875 0.06328125 0.11484375
5 0.4375 0.084375 0.03828125 0.08203125
0 0.50859375 0.0828125 0.0375 0.07890625
9 0.5578125 0.08359375 0.03828125 0.078125
1 0.6109375 0.08359375 0.0578125 0.071875
0 0.6671875 0.0828125 0.040625 0.07734375
2 0.73671875 0.08125 0.04140625 0.08125