1 0.4 0.33359375 0.1421875 0.3015625
1 0.56796875 0.32578125 0.1390625 0.2921875
9 0.728125 0.315625 0.14609375 0.29140625
7 0.5921875 0.6453125 0.13828125 0.29609375
7 0.7640625 0.63828125 0.13984375 0.29765625
8 0.75703125 0.90625 0.053125 0.11953125
9 0.82421875 0.90234375 0.053125 0.11875
0 0.37578125 0.92265625 0.06015625 0.12109375
1 0.44375 0.91875 0.06015625 0.1125
5 0.4359375 0.0953125 0.03671875 0.078125
0 0.50390625 0.09375 0.0359375 0.07578125
9 0.5515625 0.09375 0.03671875 0.075
1 0.60234375 0.09453125 0.05546875 0.06875
0 0.65546875 0.09375 0.03828125 0.07421875
2 0.721875 0.0921875 0.0390625 0.07734375