1 0.3222926267281106 0.2724539170506913 0.03889400921658986 0.17131336405529954
2 0.40593317972350235 0.2794354838709678 0.10429723502304147 0.18829493087557603
8 0.5235483870967742 0.2866820276497696 0.09978110599078341 0.18579493087557605
7 0.40943548387096773 0.4769700460829493 0.07732718894009218 0.17480414746543776
7 0.5240437788018433 0.48296082949308755 0.07580645161290323 0.17180875576036866
7 0.444389400921659 0.6522811059907834 0.05435483870967742 0.1188709677419355
8 0.5148041474654378 0.6572695852534562 0.06731566820276498 0.12086405529953917
1 0.4429032258064516 0.7938709677419356 0.015403225806451612 0.05044930875576037
0 0.5138133640552995 0.7941244239631335 0.03135944700460829 0.057937788018433176
2 0.4693663594470046 0.7933755760368664 0.031370967741935485 0.0584331797235023
6 0.5487672811059907 0.7956221198156682 0.02835253456221198 0.058940092165898614