1 0.3320529513888889 0.28371672453703706 0.04619502314814816 0.17420428240740737
2 0.4161096643518518 0.2978370949074074 0.11274594907407409 0.1971788194444445
8 0.5333839699074074 0.3156322337962963 0.10687210648148149 0.19492187500000002
7 0.4136646412037037 0.4949001736111111 0.08530092592592586 0.1820891203703704
7 0.5289785879629629 0.5116174768518519 0.08331886574074066 0.17808159722222228
7 0.4442708333333333 0.6731770833333334 0.05949074074074079 0.12413194444444442
8 0.5136574074074074 0.6836082175925926 0.07317708333333339 0.12679398148148158
1 0.4394603587962963 0.8144748263888889 0.017954282407407374 0.05169270833333339
0 0.5088107638888889 0.8200231481481481 0.03363715277777768 0.060315393518518556
2 0.4658275462962963 0.8158420138888889 0.033651620370370394 0.062268518518518556
6 0.543995949074074 0.8257523148148148 0.03168402777777768 0.06021412037037033