1 0.30475983796296297 0.3198640046296296 0.07356770833333337 0.17960069444444438
2 0.38844039351851856 0.3189814814814815 0.14334490740740735 0.21099537037037042
8 0.5050708912037037 0.31518373842592595 0.13728298611111112 0.20674189814814814
7 0.43172019675925927 0.515285011574074 0.11313657407407407 0.19168113425925926
7 0.5463469328703704 0.5103949652777777 0.11098090277777772 0.18765914351851842
7 0.5029296875 0.6869574652777778 0.07884837962962954 0.13123553240740748
8 0.5729383680555555 0.6852647569444444 0.09272280092592577 0.13595196759259265
1 0.5316550925925926 0.827879050925926 0.026171874999999956 0.054123263888888884
0 0.6004340277777778 0.8212456597222222 0.042303240740740655 0.06481481481481488
2 0.5567925347222222 0.8245008680555556 0.042303240740740655 0.06481481481481488
6 0.6353877314814815 0.8194227430555556 0.040350115740740655 0.06469907407407405