1 0.322265625 0.2724609375 0.0390625 0.1708984375
2 0.40625 0.279296875 0.1044921875 0.1884765625
8 0.5234375 0.287109375 0.099609375 0.185546875
7 0.4091796875 0.4765625 0.0771484375 0.1748046875
7 0.5244140625 0.4833984375 0.076171875 0.171875
7 0.4443359375 0.65234375 0.0546875 0.119140625
8 0.5146484375 0.6572265625 0.0673828125 0.12109375
1 0.443359375 0.7939453125 0.015625 0.05078125
0 0.513671875 0.7939453125 0.03125 0.0576171875
2 0.4697265625 0.79296875 0.03125 0.05859375
6 0.548828125 0.7958984375 0.0283203125 0.05859375