1 0.3467013888888889 0.19157986111111108 0.08041087962962959 0.20875
2 0.4427575231481482 0.21328125 0.15899884259259273 0.2417361111111111
8 0.579140625 0.24033854166666666 0.15425347222222213 0.23772569444444444
7 0.41453703703703704 0.44484375 0.12588541666666658 0.2206944444444444
7 0.5473697916666667 0.46963541666666664 0.12270254629629633 0.21671875000000007
7 0.42507812500000003 0.6552256944444445 0.08735532407407405 0.1503298611111111
8 0.5073871527777778 0.6721527777777778 0.10304976851851855 0.15536458333333342
1 0.4001649305555556 0.8198958333333334 0.028258101851851868 0.06232638888888893
0 0.48279513888888886 0.8321267361111111 0.047951388888888856 0.07369791666666643
2 0.431099537037037 0.8242881944444445 0.04796296296296294 0.07447916666666643
6 0.5235358796296297 0.8390364583333334 0.04484953703703702 0.07519097222222229