1 0.4607204861111111 0.2720992476851852 0.04335937499999998 0.14172453703703702
6 0.5161241319444445 0.26788917824074077 0.08107638888888902 0.15649594907407405
2 0.6018446180555556 0.26555266203703703 0.08667534722222214 0.15081018518518519
3 0.5370225694444444 0.45283564814814814 0.07903645833333339 0.15448495370370363
8 0.6159939236111112 0.4522497106481481 0.08489583333333339 0.15465856481481488
8 0.5904730902777777 0.5802300347222222 0.053255208333333304 0.1010561342592593
1 0.6578559027777777 0.5822265625 0.029383680555555625 0.09059606481481497
0 0.38164062499999996 0.5555121527777778 0.03146701388888884 0.04969618055555558
1 0.42261284722222225 0.5557508680555556 0.015581597222222188 0.04337384259259247
6 0.44218749999999996 0.5573061342592592 0.03146701388888884 0.04969618055555558
1 0.39468315972222223 0.6075882523148148 0.015581597222222188 0.04337384259259247
0 0.42593315972222223 0.6085141782407407 0.029600694444444464 0.051591435185185164
1 0.4589626736111111 0.605591724537037 0.015581597222222188 0.04337384259259247