1 0.5177343750000001 0.23767361111111113 0.05702546296296305 0.15943287037037032
6 0.5794010416666666 0.23936053240740743 0.09949074074074069 0.17943287037037034
2 0.6741840277777778 0.2459230324074074 0.1048900462962962 0.17490740740740743
3 0.5583940972222223 0.4449710648148148 0.09712384259259252 0.17780092592592603
8 0.6453587962962963 0.4521556712962963 0.10260416666666679 0.178744212962963
8 0.5870775462962963 0.590931712962963 0.066545138888889 0.1167650462962964
1 0.6603356481481482 0.6008651620370371 0.03745370370370367 0.10340856481481478
0 0.3609577546296296 0.54140625 0.03756365740740737 0.05811921296296294
1 0.40735532407407404 0.5458883101851851 0.01868634259259263 0.048969907407407476
6 0.4284027777777778 0.5483883101851852 0.03757523148148145 0.05890046296296294
1 0.3640017361111111 0.5994936342592593 0.01868634259259263 0.048969907407407476
0 0.3986979166666667 0.6031510416666667 0.03603587962962962 0.060416666666666785
1 0.43537037037037035 0.6051880787037037 0.0202719907407408 0.05057870370370363