1 0.45841149773071105 0.2567624810892587 0.03254160363086233 0.13901664145234494
6 0.5133736762481089 0.25322239031770044 0.06869894099848714 0.15178517397881996
2 0.5991830559757942 0.25143721633888044 0.07434190620272314 0.14682299546142208
3 0.5197579425113464 0.43833585476550685 0.0672768532526475 0.15036308623298034
8 0.5988350983358547 0.437624810892587 0.07222390317700454 0.15036308623298034
8 0.5637216338880484 0.5656580937972768 0.04599092284417549 0.09859304084720122
1 0.6303933434190621 0.5684871406959152 0.021860816944024204 0.09007564296520423
0 0.3552193645990923 0.5404841149773071 0.027594553706505293 0.048229954614220874
1 0.3974130105900151 0.5404841149773071 0.011270801815431166 0.042556732223903174
6 0.4162178517397882 0.5415431164901664 0.027579425113464447 0.048940998487140695
1 0.36479576399394853 0.5922541603630863 0.011285930408472013 0.042556732223903174
0 0.39635400907715584 0.5926172465960666 0.02617246596066566 0.05036308623298033
1 0.42933434190620273 0.5911951588502269 0.012692889561270803 0.043267776096822995