1 0.4580078125 0.2568359375 0.0322265625 0.138671875
6 0.513671875 0.2529296875 0.068359375 0.1513671875
2 0.599609375 0.2509765625 0.07421875 0.146484375
3 0.51953125 0.4384765625 0.0673828125 0.150390625
8 0.5986328125 0.4375 0.072265625 0.150390625
8 0.5634765625 0.5654296875 0.0458984375 0.0986328125
1 0.630859375 0.568359375 0.021484375 0.08984375
0 0.35546875 0.5400390625 0.02734375 0.0478515625
1 0.3974609375 0.5400390625 0.01171875 0.04296875
6 0.416015625 0.5419921875 0.02734375 0.048828125
1 0.365234375 0.591796875 0.01171875 0.04296875
0 0.396484375 0.5927734375 0.0263671875 0.05078125
1 0.4296875 0.5908203125 0.0126953125 0.04296875