1 0.45859375 0.25703125 0.0328125 0.1390625
6 0.51328125 0.253125 0.06875 0.1515625
2 0.59921875 0.2515625 0.07421875 0.146875
3 0.51953125 0.43828125 0.0671875 0.15
8 0.59921875 0.4375 0.071875 0.15
8 0.5640625 0.565625 0.04609375 0.0984375
1 0.63046875 0.56875 0.021875 0.08984375
0 0.35546875 0.540625 0.02734375 0.0484375
1 0.39765625 0.540625 0.0109375 0.0421875
6 0.41640625 0.54140625 0.02734375 0.04921875
1 0.36484375 0.5921875 0.0109375 0.0421875
0 0.39609375 0.59296875 0.0265625 0.05
1 0.4296875 0.59140625 0.0125 0.04296875