1 0.4599103009259259 0.2636212384259259 0.032277199074074 0.1391348379629629
6 0.5155454282407408 0.2605396412037037 0.06948784722222223 0.1533564814814815
2 0.6014684606481482 0.25985966435185187 0.07530381944444442 0.14758391203703702
3 0.5227792245370371 0.4461733217592593 0.06752025462962963 0.1513744212962962
8 0.6018735532407408 0.4463686342592593 0.07337962962962963 0.15146122685185182
8 0.5676649305555556 0.5737774884259259 0.04759837962962954 0.09835069444444455
1 0.6350694444444445 0.5777054398148148 0.022149884259259345 0.09016203703703707
0 0.3594690393518518 0.5453052662037037 0.027690972222222276 0.04728009259259247
1 0.4014612268518518 0.5459273726851852 0.012037037037037068 0.04314236111111125
6 0.4200303819444444 0.5481553819444445 0.02770543981481488 0.04923321759259247
1 0.36961805555555555 0.5972077546296297 0.012037037037037068 0.04314236111111125
0 0.40087528935185185 0.5986472800925926 0.027719907407407374 0.05118634259259247
1 0.4340639467592593 0.5971860532407407 0.012037037037037068 0.04314236111111125