1 0.42734375 0.2609375 0.09453125 0.146875
6 0.51328125 0.253125 0.06875 0.1515625
2 0.59921875 0.2515625 0.07421875 0.146875
3 0.51953125 0.43828125 0.0671875 0.15
8 0.59921875 0.4375 0.071875 0.15
8 0.5640625 0.565625 0.04609375 0.0984375
1 0.61640625 0.56953125 0.04921875 0.09140625
0 0.35546875 0.540625 0.02734375 0.0484375
1 0.390625 0.540625 0.025 0.0421875
6 0.41640625 0.54140625 0.02734375 0.04921875
1 0.35625 0.59375 0.028125 0.0453125
0 0.39609375 0.59296875 0.0265625 0.05
1 0.4234375 0.59453125 0.028125 0.05