1 0.4171875 0.26484375 0.096875 0.15078125
6 0.50546875 0.25703125 0.0703125 0.15546875
2 0.59296875 0.2546875 0.0765625 0.15078125
3 0.51171875 0.446875 0.06875 0.1546875
8 0.59296875 0.44609375 0.07421875 0.1546875
8 0.55703125 0.57734375 0.046875 0.1015625
1 0.6109375 0.58125 0.05078125 0.09375
0 0.34296875 0.5515625 0.028125 0.04921875
1 0.37890625 0.5515625 0.02578125 0.04375
6 0.40546875 0.55234375 0.028125 0.05
1 0.34453125 0.60625 0.02890625 0.046875
0 0.38515625 0.60546875 0.0265625 0.0515625
1 0.4125 0.60703125 0.02890625 0.0515625