1 0.5056121045392021 0.25034387895460797 0.053342503438789546 0.23253094910591474
3 0.595557083906465 0.24610729023383768 0.12460797799174692 0.25968363136176065
4 0.7406464924346631 0.2541678129298487 0.12456671251719395 0.2418569463548831
8 0.5751856946354883 0.585130674002751 0.12800550206327374 0.23337001375515817
7 0.7241127922971113 0.5859834938101788 0.09486932599724897 0.23337001375515817
9 0.3134387895460798 0.7520907840440165 0.042379642365887205 0.07433287482806052
5 0.3678266850068776 0.7526134800550206 0.035639614855570836 0.07363136176066025
0 0.4118156808803301 0.7537001375515819 0.04259972489683631 0.07405777166437415
1 0.3231774415405777 0.8366987620357633 0.01779917469050894 0.05881705639614855
0 0.3726134800550206 0.839092159559835 0.042613480055020636 0.0705777166437414
2 0.4179229711141678 0.8419257221458047 0.04086657496561211 0.07188445667125172
1 0.5797936726272352 0.8096698762035763 0.03248968363136176 0.13125171939477304
0 0.637372764786795 0.810220082530949 0.07744154057771664 0.1469738651994498
2 0.7188995873452545 0.812585969738652 0.08034387895460797 0.1510041265474553