1 0.5373871527777778 0.21158275462962967 0.0870717592592591 0.2611168981481482
3 0.6358680555555555 0.2203587962962963 0.1670370370370371 0.3009780092592592
4 0.7919126157407407 0.24997685185185184 0.16454861111111113 0.2813773148148148
8 0.5772482638888888 0.5841666666666667 0.1676099537037036 0.2728761574074074
7 0.7391001157407407 0.6069270833333333 0.13164351851851847 0.26790509259259265
9 0.2748524305555556 0.726345486111111 0.055324074074074046 0.08755787037037024
5 0.33388888888888885 0.7351244212962963 0.047499999999999966 0.08576388888888893
0 0.38197916666666665 0.7424074074074074 0.055318287037037006 0.08677662037037041
1 0.276712962962963 0.8193489583333333 0.026267361111111144 0.06638888888888879
0 0.3302922453703704 0.8295283564814815 0.05529513888888893 0.08365162037037024
2 0.37879340277777773 0.8395572916666666 0.05295138888888893 0.0835821759259261
1 0.558744212962963 0.8277054398148149 0.05108217592592581 0.14757523148148124
0 0.6209056712962963 0.8365769675925925 0.10202546296296297 0.170954861111111
2 0.7092795138888889 0.8516927083333334 0.10519097222222236 0.17651620370370366