1 0.521144386574074 0.288671875 0.09603587962962967 0.2417968749999999
3 0.6105830439814814 0.30149739583333335 0.17245370370370372 0.28385416666666663
4 0.7516565393518518 0.3363932291666667 0.1694589120370371 0.2661458333333333
8 0.5292679398148148 0.6313802083333333 0.17094907407407423 0.2584635416666665
7 0.6756293402777778 0.6597656249999999 0.13751446759259256 0.2523437500000001
9 0.24106626157407407 0.746484375 0.05541087962962965 0.0815104166666667
5 0.29431423611111107 0.7578776041666666 0.04748263888888893 0.07903645833333339
0 0.3379123263888889 0.7666666666666666 0.05541087962962965 0.0815104166666667
1 0.23505497685185184 0.8313802083333334 0.02897858796296293 0.06223958333333335
0 0.28433883101851853 0.8434895833333333 0.055179398148148096 0.0776041666666667
2 0.32782118055555554 0.8542317708333333 0.05334201388888893 0.07942708333333326
1 0.49355468750000003 0.853515625 0.05681423611111114 0.13802083333333326
0 0.549732349537037 0.8651041666666666 0.10300925925925908 0.1625000000000001
2 0.6291160300925926 0.8821614583333333 0.10714699074074074 0.16666666666666652