1 0.505859375 0.25 0.0537109375 0.232421875
3 0.595703125 0.24609375 0.125 0.259765625
4 0.740234375 0.25390625 0.125 0.2421875
8 0.5751953125 0.5849609375 0.1279296875 0.2333984375
7 0.7236328125 0.5859375 0.0947265625 0.2333984375
9 0.3134765625 0.751953125 0.0419921875 0.07421875
5 0.3681640625 0.7529296875 0.03515625 0.0732421875
0 0.412109375 0.75390625 0.04296875 0.07421875
1 0.3232421875 0.8369140625 0.017578125 0.05859375
0 0.373046875 0.8388671875 0.04296875 0.0703125
2 0.41796875 0.841796875 0.041015625 0.072265625
1 0.580078125 0.8095703125 0.0322265625 0.130859375
0 0.6376953125 0.810546875 0.0771484375 0.1474609375
2 0.71875 0.8125 0.080078125 0.1513671875