1 0.44921875 0.259375 0.1578125 0.24765625
3 0.5953125 0.24609375 0.12421875 0.259375
4 0.740625 0.25390625 0.12421875 0.2421875
8 0.575 0.58515625 0.128125 0.23359375
7 0.70625 0.5859375 0.13046875 0.23359375
9 0.31328125 0.75234375 0.0421875 0.07421875
5 0.36796875 0.75234375 0.0359375 0.0734375
0 0.41171875 0.75390625 0.04296875 0.07421875
1 0.3125 0.8390625 0.03828125 0.06328125
0 0.37265625 0.8390625 0.04296875 0.0703125
2 0.41796875 0.8421875 0.040625 0.071875
1 0.56953125 0.81640625 0.053125 0.1453125
0 0.6375 0.81015625 0.07734375 0.146875
2 0.71875 0.8125 0.08046875 0.15078125