1 0.47630208333333335 0.26241319444444444 0.09123263888888888 0.2401909722222222
3 0.5648003472222223 0.24778645833333332 0.16627604166666665 0.2789496527777778
4 0.7090494791666666 0.23830295138888888 0.16393229166666679 0.26132812499999997
8 0.5986762152777778 0.5862630208333334 0.16371527777777795 0.2515624999999999
7 0.7457031249999999 0.5700086805555555 0.13237847222222232 0.24696180555555558
9 0.3678168402777778 0.7831814236111111 0.05451388888888886 0.08125000000000004
5 0.4213758680555556 0.7775390625 0.04665798611111116 0.07912326388888902
0 0.4652126736111111 0.7736328125 0.05451388888888886 0.08124999999999982
1 0.3911458333333333 0.8666666666666667 0.02673611111111107 0.061111111111111116
0 0.4408420138888889 0.862890625 0.05442708333333335 0.07734375000000004
2 0.4856770833333333 0.8599826388888889 0.05251736111111105 0.07925347222222223
1 0.6397569444444444 0.8097222222222222 0.05377604166666661 0.13589409722222223
0 0.6972005208333334 0.8031901041666667 0.10112847222222232 0.15842013888888884
2 0.7770833333333333 0.7961805555555556 0.10316840277777772 0.16236979166666665