1 0.50546875 0.25 0.053125 0.2328125
3 0.5953125 0.24609375 0.12421875 0.259375
4 0.740625 0.25390625 0.12421875 0.2421875
8 0.575 0.58515625 0.128125 0.23359375
7 0.72421875 0.5859375 0.09453125 0.23359375
9 0.31328125 0.75234375 0.0421875 0.07421875
5 0.36796875 0.75234375 0.0359375 0.0734375
0 0.41171875 0.75390625 0.04296875 0.07421875
1 0.3234375 0.83671875 0.01796875 0.05859375
0 0.37265625 0.8390625 0.04296875 0.0703125
2 0.41796875 0.8421875 0.040625 0.071875
1 0.5796875 0.809375 0.0328125 0.13125
0 0.6375 0.81015625 0.07734375 0.146875
2 0.71875 0.8125 0.08046875 0.15078125