1 0.44765625 0.23359375 0.16953125 0.265625
3 0.6046875 0.21953125 0.13359375 0.278125
4 0.76015625 0.228125 0.13359375 0.259375
8 0.5828125 0.5828125 0.1375 0.25
7 0.7234375 0.584375 0.13984375 0.25
9 0.30234375 0.7625 0.0453125 0.0796875
5 0.36015625 0.7625 0.03828125 0.07890625
0 0.4078125 0.7640625 0.0453125 0.0796875
1 0.3015625 0.85546875 0.04140625 0.0671875
0 0.365625 0.85546875 0.0453125 0.07578125
2 0.4140625 0.85859375 0.04375 0.07734375
1 0.5765625 0.83125 0.05703125 0.15546875
0 0.64921875 0.82421875 0.0828125 0.1578125
2 0.73671875 0.82734375 0.0859375 0.16171875