1 0.5427589699074074 0.2353515625 0.04212962962962985 0.150390625
4 0.6062282986111112 0.234375 0.08509837962962963 0.150390625
2 0.6912326388888889 0.240234375 0.08906250000000004 0.158203125
9 0.5969111689814814 0.4267578125 0.08518518518518503 0.162109375
1 0.7063440393518519 0.4345703125 0.04408275462962963 0.150390625
9 0.6370153356481482 0.5673828125 0.053544560185185164 0.109375
7 0.6946397569444445 0.568359375 0.049609374999999956 0.10546875
3 0.4111255787037037 0.5263671875 0.029673032407407374 0.05078125
4 0.4501880787037037 0.5263671875 0.029644097222222276 0.046875
5 0.4775607638888889 0.5302734375 0.027719907407407485 0.05078125
1 0.4164207175925926 0.58203125 0.013990162037037068 0.04296875
0 0.4506148726851852 0.583984375 0.029673032407407374 0.05078125
1 0.4877459490740741 0.5869140625 0.015972222222222276 0.046875