1 0.5277736777367773 0.23293972939729396 0.03354243542435424 0.1491389913899139
4 0.59079950799508 0.22908979089790898 0.07656826568265683 0.14760147601476015
2 0.6753628536285363 0.23062730627306274 0.07961869618696188 0.15375153751537515
9 0.5900369003690037 0.4220418204182042 0.07503075030750307 0.1583640836408364
1 0.6991881918819189 0.4235916359163592 0.03503075030750308 0.1491389913899139
9 0.6361623616236163 0.560430504305043 0.04734317343173432 0.10608856088560886
7 0.6938130381303813 0.5588929889298893 0.04271832718327183 0.10301353013530136
3 0.40929889298892985 0.5309225092250922 0.026580565805658055 0.04972939729397294
4 0.44698646986469864 0.5296432964329644 0.027084870848708486 0.04615006150061501
5 0.47543665436654364 0.5314391143911439 0.024514145141451414 0.04972939729397294
1 0.41699876998769986 0.5868142681426814 0.011205412054120541 0.04152521525215252
0 0.4515990159901599 0.5873308733087331 0.027084870848708486 0.04972939729397294
1 0.4885116851168512 0.5878351783517836 0.012718327183271833 0.045633456334563345