1 0.52734375 0.2333984375 0.033203125 0.1494140625
4 0.5908203125 0.2294921875 0.076171875 0.1474609375
2 0.67578125 0.23046875 0.080078125 0.1533203125
9 0.58984375 0.421875 0.0751953125 0.158203125
1 0.69921875 0.423828125 0.03515625 0.1494140625
9 0.6357421875 0.560546875 0.046875 0.1064453125
7 0.693359375 0.55859375 0.04296875 0.1025390625
3 0.4091796875 0.53125 0.0263671875 0.0498046875
4 0.447265625 0.529296875 0.02734375 0.0458984375
5 0.4755859375 0.53125 0.0244140625 0.0498046875
1 0.4169921875 0.5869140625 0.0107421875 0.0419921875
0 0.451171875 0.5869140625 0.02734375 0.0498046875
1 0.48828125 0.587890625 0.0126953125 0.0458984375