1 0.5683955439814815 0.2548611111111111 0.05642361111111116 0.15384837962962972
4 0.6320167824074074 0.26064814814814813 0.0995370370370372 0.15902777777777777
2 0.7164351851851851 0.2748553240740741 0.10366030092592604 0.1650028935185185
9 0.6146918402777778 0.45133101851851853 0.09989872685185186 0.16879340277777777
1 0.7236328125 0.4691912615740741 0.05837673611111116 0.1539062499999999
9 0.6482928240740741 0.5947482638888889 0.06271701388888884 0.11306423611111116
7 0.706127025462963 0.6023148148148147 0.0586660879629628 0.10904224537037033
3 0.42549189814814814 0.5315682870370371 0.03515625 0.05371817129629619
4 0.4636863425925926 0.5356264467592593 0.03501157407407407 0.04981192129629619
5 0.4912471064814815 0.5422960069444445 0.033203125 0.053660300925925775
1 0.42856626157407407 0.5882378472222223 0.01721643518518512 0.04343171296296289
0 0.462890625 0.5931568287037037 0.03515625 0.05371817129629619
1 0.49924045138888884 0.6000868055555555 0.01931423611111116 0.047395833333333304