1 0.494921875 0.2116579861111111 0.04375 0.1603472222222222
4 0.5609375 0.20276909722222225 0.08828125 0.1613368055555556
2 0.65 0.19766493055555556 0.09296875 0.1684722222222222
9 0.570703125 0.4052864583333333 0.0875 0.1730381944444444
1 0.685546875 0.39921875 0.0453125 0.16038194444444437
9 0.626953125 0.5473958333333333 0.05546875 0.1152951388888889
7 0.6875 0.5413628472222222 0.05078125 0.11206597222222214
3 0.386328125 0.5347743055555556 0.03046875 0.05458333333333343
4 0.426171875 0.5303732638888888 0.03125 0.050694444444444466
5 0.455859375 0.5297135416666666 0.028125 0.05453124999999996
1 0.397265625 0.592734375 0.0140625 0.04484375000000007
0 0.433984375 0.5907465277777778 0.03125 0.054600694444444466
1 0.473046875 0.5887065972222223 0.015625 0.04956597222222214