1 0.528125 0.2328125 0.03359375 0.14921875
4 0.590625 0.22890625 0.0765625 0.14765625
2 0.675 0.23046875 0.0796875 0.15390625
9 0.58984375 0.421875 0.075 0.15859375
1 0.69921875 0.4234375 0.03515625 0.14921875
9 0.6359375 0.56015625 0.04765625 0.10625
7 0.69375 0.55859375 0.04296875 0.103125
3 0.409375 0.53125 0.0265625 0.05
4 0.446875 0.5296875 0.02734375 0.04609375
5 0.47578125 0.53125 0.02421875 0.05
1 0.4171875 0.58671875 0.0109375 0.04140625
0 0.4515625 0.5875 0.02734375 0.05
1 0.48828125 0.5875 0.0125 0.0453125