1 0.41280381944444444 0.24890914351851853 0.07773726851851848 0.2646238425925926
3 0.519832175925926 0.24772569444444445 0.15373263888888894 0.2940914351851852
5 0.6816232638888888 0.2562934027777778 0.14197916666666668 0.28931712962962963
7 0.6744560185185184 0.6071469907407407 0.1396064814814814 0.28539351851851846
8 0.5001996527777777 0.6033593749999999 0.1646759259259259 0.2949537037037036
1 0.5075549768518519 0.8580063657407407 0.05294560185185197 0.18710069444444458
0 0.5806047453703703 0.8578559027777779 0.1022627314814816 0.20074652777777757
5 0.6810474537037037 0.8641435185185186 0.10148148148148159 0.2007407407407406
0 0.15314814814814817 0.7930497685185185 0.05855902777777775 0.10120949074074073
0 0.22660590277777776 0.7952401620370371 0.05385995370370367 0.09961226851851848
2 0.27976851851851847 0.7999247685185185 0.05539351851851855 0.09571759259259256
0 0.2305034722222222 0.8995138888888888 0.0639814814814815 0.09499999999999993
1 0.2961342592592593 0.8998090277777777 0.031099537037037096 0.08538194444444472
1 0.16369502314814816 0.8984461805555555 0.035063657407407425 0.09322337962962948