1 0.4173249421296297 0.2781394675925926 0.06995081018518512 0.22628761574074074
3 0.5097005208333334 0.2656539351851852 0.13579282407407423 0.25163483796296293
5 0.6496961805555556 0.2556568287037037 0.12579571759259256 0.24743923611111107
7 0.6553096064814814 0.5557436342592593 0.12567997685185173 0.24548611111111107
8 0.5041666666666667 0.5728949652777778 0.145558449074074 0.2519241898148148
1 0.5196397569444444 0.7888527199074074 0.048553240740740744 0.16131365740740744
0 0.5824869791666667 0.7811414930555556 0.09014756944444446 0.1722945601851853
5 0.6696325231481481 0.774660011574074 0.09014756944444446 0.1722945601851853
0 0.21260850694444444 0.7716290509259259 0.05196759259259259 0.08732638888888888
0 0.2753399884259259 0.765870949074074 0.047945601851851816 0.08525752314814827
2 0.3212962962962963 0.7635344328703704 0.04966724537037037 0.08140914351851847
0 0.2817925347222222 0.8543909143518518 0.05552662037037037 0.0815827546296295
1 0.3387803819444445 0.846853298611111 0.027719907407407485 0.07296006944444455
1 0.22492042824074077 0.8599754050925926 0.03197337962962965 0.07893518518518516