1 0.4423809523809524 0.28945378151260504 0.049523809523809526 0.22408963585434175
3 0.5342857142857144 0.2826610644257703 0.11351540616246499 0.2443137254901961
5 0.6734733893557423 0.2812464985994398 0.10354341736694679 0.2414705882352941
7 0.6862464985994398 0.5834453781512605 0.10211484593837535 0.23792717086834733
8 0.5360504201680673 0.5894817927170868 0.12274509803921568 0.2443137254901961
1 0.5566526610644258 0.8078711484593838 0.03326330532212885 0.15837535014005602
0 0.618795518207283 0.8032633053221289 0.07515406162464985 0.16760504201680673
5 0.7057843137254902 0.8032633053221289 0.07442577030812325 0.16760504201680673
0 0.2488095238095238 0.7705882352941177 0.04399159663865546 0.08380952380952382
0 0.3116526610644258 0.7684593837535013 0.04043417366946779 0.08238095238095239
2 0.35781512605042015 0.769873949579832 0.04183473389355742 0.07953781512605042
0 0.3206582633053221 0.8580812324929972 0.0488235294117647 0.07778711484593838
1 0.37710084033613445 0.8542997198879552 0.02127450980392157 0.07159663865546217
1 0.2635294117647059 0.8604901960784314 0.02404761904761905 0.0784733893557423