1 0.4015480324074074 0.3256510416666667 0.08802083333333333 0.23359375000000004
3 0.49333043981481484 0.31315104166666663 0.1558449074074073 0.26536458333333335
5 0.6319372106481481 0.30475260416666666 0.14587673611111107 0.2608072916666667
7 0.6662977430555556 0.6059244791666667 0.14372106481481484 0.2567708333333334
8 0.5165436921296296 0.6214192708333333 0.16571180555555554 0.2679687500000001
1 0.5523292824074074 0.8384114583333333 0.061038773148148096 0.1636718749999999
0 0.6144603587962962 0.8307942708333333 0.10481770833333348 0.1821614583333333
5 0.7009548611111112 0.8257812499999999 0.10286458333333348 0.1820312500000001
0 0.24275896990740742 0.8177734375 0.05924479166666663 0.09153645833333335
0 0.3047887731481481 0.8121093749999999 0.05328414351851851 0.08919270833333348
2 0.35088975694444446 0.8112630208333333 0.05513599537037028 0.0873697916666667
0 0.3197120949074074 0.9022786458333333 0.06294849537037028 0.087890625
1 0.3759331597222222 0.8952473958333333 0.033145254629629584 0.076171875
1 0.26359230324074073 0.9073567708333333 0.03735532407407405 0.08229166666666665