1 0.4423828125 0.2890625 0.0498046875 0.2236328125
3 0.5341796875 0.2822265625 0.11328125 0.244140625
5 0.673828125 0.28125 0.103515625 0.2412109375
7 0.6865234375 0.5830078125 0.1025390625 0.23828125
8 0.5361328125 0.58984375 0.123046875 0.244140625
1 0.556640625 0.8076171875 0.033203125 0.158203125
0 0.619140625 0.8037109375 0.0751953125 0.16796875
5 0.7060546875 0.8037109375 0.07421875 0.16796875
0 0.2490234375 0.7705078125 0.0439453125 0.083984375
0 0.3115234375 0.7685546875 0.0400390625 0.08203125
2 0.357421875 0.76953125 0.0419921875 0.0791015625
0 0.3203125 0.8583984375 0.048828125 0.078125
1 0.376953125 0.8544921875 0.021484375 0.0712890625
1 0.263671875 0.8603515625 0.0244140625 0.078125