1 0.4421875 0.28984375 0.04921875 0.22421875
3 0.534375 0.2828125 0.11328125 0.24453125
5 0.6734375 0.28125 0.10390625 0.24140625
7 0.6859375 0.58359375 0.10234375 0.23828125
8 0.5359375 0.58984375 0.12265625 0.24453125
1 0.55703125 0.8078125 0.03359375 0.15859375
0 0.61875 0.803125 0.075 0.16796875
5 0.70546875 0.803125 0.07421875 0.16796875
0 0.2484375 0.7703125 0.04375 0.08359375
0 0.31171875 0.76875 0.040625 0.08203125
2 0.3578125 0.76953125 0.0421875 0.0796875
0 0.3203125 0.8578125 0.0484375 0.078125
1 0.37734375 0.8546875 0.02109375 0.071875
1 0.26328125 0.86015625 0.02421875 0.078125