1 0.2609346064814815 0.4310995370370371 0.08042245370370367 0.3158969907407407
0 0.37192997685185186 0.4275028935185185 0.15997106481481485 0.3123900462962963
3 0.5565827546296297 0.415396412037037 0.14586226851851852 0.31061921296296297
0 0.6949334490740741 0.41100405092592596 0.14526620370370366 0.3168576388888889
7 0.812337962962963 0.30969907407407404 0.032343750000000074 0.06373263888888889
3 0.853744212962963 0.30908564814814815 0.0331018518518519 0.06296296296296297
0 0.8835011574074073 0.3063020833333333 0.029126157407407406 0.06056134259259256
8 0.8034924768518519 0.4105671296296296 0.036250000000000074 0.0637905092592593
2 0.8543663194444445 0.4066898148148148 0.03385995370370374 0.06219328703703706
0 0.8848582175925926 0.4054571759259259 0.034664351851851904 0.06298611111111115
2 0.8051012731481482 0.5144039351851852 0.03788194444444457 0.06615740740740747
6 0.8786516203703705 0.5226851851851853 0.019103009259259097 0.038547453703703737
8 0.8418663194444445 0.5122974537037037 0.033240740740740904 0.06765046296296298