1 0.275390625 0.427734375 0.064453125 0.3095703125
0 0.384765625 0.427734375 0.142578125 0.302734375
3 0.56640625 0.421875 0.12890625 0.30078125
0 0.703125 0.421875 0.1279296875 0.3076171875
7 0.8173828125 0.326171875 0.029296875 0.0615234375
3 0.857421875 0.3271484375 0.029296875 0.060546875
0 0.88671875 0.3251953125 0.0263671875 0.05859375
8 0.8095703125 0.4248046875 0.033203125 0.0615234375
2 0.859375 0.4228515625 0.03125 0.060546875
0 0.8896484375 0.4228515625 0.03125 0.060546875
2 0.8125 0.52734375 0.03515625 0.0634765625
6 0.884765625 0.5390625 0.0166015625 0.037109375
8 0.8486328125 0.5263671875 0.029296875 0.0654296875