1 0.27799479166666663 0.4374421296296296 0.08470775462962954 0.3130931712962963
0 0.3872829861111111 0.4307725694444444 0.16280381944444444 0.31171875000000004
3 0.5687065972222223 0.41477864583333335 0.14907407407407414 0.3077112268518518
0 0.7053096064814814 0.40595341435185184 0.14918981481481497 0.3155237268518518
7 0.8122034143518518 0.303587962962963 0.034129050925926 0.06274594907407405
3 0.8522280092592593 0.3023148148148148 0.034129050925925775 0.06274594907407405
0 0.8814814814814815 0.299168113425926 0.030193865740740566 0.06076388888888884
8 0.8117259837962962 0.4032118055555556 0.038035300925925775 0.06277488425925926
2 0.8604817708333333 0.39796730324074076 0.036082175925926 0.06276041666666665
0 0.8907262731481482 0.39578993055555556 0.036082175925925775 0.06276041666666665
2 0.821043113425926 0.5047164351851852 0.04001736111111098 0.06474247685185186
6 0.8944010416666667 0.511986400462963 0.018127893518518512 0.03723958333333344
8 0.8571325231481481 0.5015190972222222 0.03418692129629619 0.06665219907407405