1 0.27552734375 0.428056640625 0.064853515625 0.309248046875
0 0.384560546875 0.428056640625 0.14294921875 0.302734375
3 0.56638671875 0.42236328125 0.12900390625 0.301103515625
0 0.70271484375 0.42236328125 0.12822265625 0.3076171875
7 0.817275390625 0.326337890625 0.029443359375 0.061650390625
3 0.85767578125 0.327001953125 0.029697265625 0.06095703125
0 0.887197265625 0.32509765625 0.026513671875 0.05841796875
8 0.8091015625 0.425107421875 0.032880859375 0.061591796875
2 0.859580078125 0.423203125 0.030966796875 0.060322265625
0 0.889423828125 0.422880859375 0.031259765625 0.06095703125
2 0.81259765625 0.52765625 0.03478515625 0.06349609375
6 0.884970703125 0.53876953125 0.0169921875 0.0374609375
8 0.848779296875 0.52669921875 0.029697265625 0.065400390625