1 0.2617983217592592 0.4660011574074074 0.10622106481481475 0.31821469907407407
0 0.37039930555555556 0.45634403935185186 0.18245081018518516 0.32494212962962954
3 0.5505063657407407 0.4346788194444444 0.16872106481481475 0.32052951388888884
0 0.6864945023148148 0.42310474537037035 0.16880787037037037 0.32638888888888884
7 0.7896629050925925 0.3184678819444444 0.03806423611111098 0.06582754629629628
3 0.8297598379629629 0.3160445601851852 0.03806423611111098 0.06582754629629628
0 0.8581669560185186 0.31123408564814814 0.034100115740740566 0.06177662037037035
8 0.7921079282407408 0.41724537037037035 0.04197048611111098 0.06597222222222232
2 0.8420283564814814 0.41127748842592593 0.04001736111111098 0.0658998842592593
0 0.8713831018518519 0.40845630787037035 0.040017361111111205 0.0658998842592593
2 0.8062282986111111 0.5193865740740741 0.04395254629629619 0.06799768518518512
6 0.8794270833333333 0.5250289351851851 0.02206307870370372 0.03985821759259256
8 0.8424479166666667 0.514865451388889 0.0381221064814814 0.06973379629629628