1 0.27578125 0.428125 0.06484375 0.309375
0 0.384375 0.428125 0.14296875 0.30234375
3 0.56640625 0.42265625 0.12890625 0.30078125
0 0.70234375 0.42265625 0.128125 0.3078125
7 0.8171875 0.3265625 0.0296875 0.06171875
3 0.8578125 0.32734375 0.0296875 0.0609375
0 0.8875 0.325 0.0265625 0.05859375
8 0.809375 0.425 0.0328125 0.06171875
2 0.859375 0.4234375 0.03125 0.06015625
0 0.8890625 0.42265625 0.03125 0.0609375
2 0.8125 0.52734375 0.03515625 0.06328125
6 0.88515625 0.5390625 0.0171875 0.0375
8 0.8484375 0.5265625 0.0296875 0.065625