1 0.5043865740740741 0.23501157407407408 0.06328703703703695 0.2645023148148148
4 0.622366898148148 0.23510416666666667 0.15096064814814802 0.27686921296296296
7 0.8052488425925926 0.23177083333333331 0.14491898148148152 0.2908854166666666
9 0.6388425925925926 0.5997193287037037 0.15611111111111117 0.3081539351851852
8 0.8188744212962963 0.6041782407407407 0.1607754629629632 0.3066261574074073
8 0.7520312499999999 0.8705092592592593 0.1030439814814816 0.20620949074074063
8 0.8640653935185185 0.8764178240740741 0.10226273148148124 0.20620370370370367
0 0.29417534722222227 0.7909375 0.05295138888888893 0.0941319444444444
0 0.36833622685185186 0.7953935185185185 0.052170138888888926 0.09412615740740744
0 0.4245515046296296 0.7981539351851852 0.05296296296296284 0.09491319444444439
1 0.31483796296296296 0.8993055555555556 0.023125000000000017 0.08453703703703716
0 0.3812037037037037 0.9025318287037039 0.05456018518518517 0.09726851851851848
1 0.45537037037037037 0.9065972222222222 0.022332175925926023 0.08374999999999985