1 0.4422452504317789 0.24683937823834196 0.04580310880829015 0.22020725388601037
4 0.540811744386874 0.24827288428324698 0.11917098445595854 0.22884283246977546
7 0.6933678756476683 0.24683937823834196 0.11338514680483594 0.24036269430051813
9 0.5537651122625216 0.5534024179620035 0.1220552677029361 0.2547495682210708
8 0.7041623488773747 0.5584283246977547 0.1263385146804836 0.25331606217616576
8 0.6481519861830742 0.7806908462867012 0.08005181347150259 0.17065630397236614
8 0.7413644214162349 0.7861485319516408 0.07941278065630397 0.17065630397236614
0 0.2653022452504318 0.7099309153713299 0.041882556131260795 0.07773747841105354
0 0.32753022452504316 0.7141968911917098 0.04126079447322971 0.07773747841105354
0 0.37459412780656304 0.7169257340241797 0.04184801381692573 0.0783419689119171
1 0.2820034542314335 0.8004317789291883 0.01697754749568221 0.07044905008635578
0 0.3375647668393782 0.8040759930915371 0.04307426597582038 0.08017271157167531
1 0.39949913644214163 0.8080138169257339 0.016338514680483595 0.06984455958549222