1 0.43786892361111107 0.22992621527777776 0.07209201388888897 0.2257957175925926
4 0.5361979166666667 0.2189525462962963 0.1470196759259259 0.24331597222222223
7 0.6869574652777778 0.19938512731481484 0.14176793981481484 0.25473090277777777
9 0.5861255787037037 0.5208912037037037 0.15234375 0.27086226851851847
8 0.7362123842592593 0.5072337962962963 0.15614872685185177 0.2691116898148149
8 0.7078703703703704 0.7348958333333333 0.10091145833333326 0.18054108796296298
8 0.8005931712962964 0.7291087962962963 0.10091145833333348 0.18054108796296298
0 0.318872974537037 0.7110026041666666 0.05102719907407405 0.08250868055555571
0 0.380396412037037 0.7078125 0.05102719907407405 0.08250868055555571
0 0.428197337962963 0.7043547453703703 0.05102719907407405 0.08250868055555549
1 0.34599247685185186 0.799681712962963 0.025231481481481466 0.07337962962962963
0 0.40160590277777775 0.7958188657407408 0.053081597222222276 0.08456307870370372
1 0.4630787037037037 0.791652199074074 0.025231481481481466 0.07337962962962963