1 0.46634114583333336 0.2519314236111111 0.09505208333333337 0.22638888888888897
4 0.562890625 0.27070312500000004 0.17057291666666674 0.2475694444444445
7 0.7117838541666667 0.2965060763888889 0.1674479166666667 0.2592013888888889
9 0.5074869791666666 0.5736328125 0.1782552083333333 0.2750434027777777
8 0.6530598958333333 0.6052300347222223 0.1820312500000001 0.27317708333333335
8 0.54921875 0.8131944444444444 0.11757812500000009 0.1839843750000001
8 0.638671875 0.8357204861111112 0.11757812500000009 0.1839843750000001
0 0.190625 0.6761284722222223 0.05833333333333335 0.08515624999999982
0 0.25026041666666665 0.6911458333333333 0.05833333333333335 0.08515625000000004
0 0.296484375 0.701953125 0.05833333333333335 0.08515624999999982
1 0.18743489583333334 0.7679904513888889 0.03216145833333334 0.07287326388888893
0 0.24036458333333333 0.7809027777777777 0.060416666666666674 0.08715277777777786
1 0.30000000000000004 0.7959201388888889 0.03216145833333339 0.07287326388888893