1 0.4423828125 0.2470703125 0.0458984375 0.2197265625
4 0.541015625 0.248046875 0.119140625 0.228515625
7 0.693359375 0.2470703125 0.11328125 0.240234375
9 0.5537109375 0.5537109375 0.1220703125 0.2548828125
8 0.7041015625 0.55859375 0.1259765625 0.2529296875
8 0.6484375 0.7802734375 0.080078125 0.1708984375
8 0.7412109375 0.7861328125 0.0791015625 0.1708984375
0 0.265625 0.7099609375 0.0419921875 0.078125
0 0.3271484375 0.7138671875 0.041015625 0.078125
0 0.375 0.716796875 0.0419921875 0.078125
1 0.2822265625 0.80078125 0.0166015625 0.0703125
0 0.337890625 0.8037109375 0.04296875 0.080078125
1 0.3994140625 0.8076171875 0.0166015625 0.0703125