1 0.3115151515151515 0.2527994227994228 0.042352092352092356 0.17546897546897547
3 0.41046176046176047 0.2544011544011544 0.10082251082251083 0.1963059163059163
9 0.5422510822510822 0.2551948051948052 0.09998556998557 0.1963059163059163
9 0.40645021645021645 0.4715295815295815 0.10082251082251083 0.2027128427128427
2 0.5334343434343435 0.47233766233766233 0.11281385281385282 0.2027128427128427
7 0.46414141414141413 0.6638383838383839 0.05914862914862915 0.1386147186147186
4 0.5486580086580087 0.6662337662337662 0.07274170274170273 0.13060606060606061
4 0.5963347763347763 0.8276911976911977 0.03507936507936508 0.0608946608946609
0 0.5514574314574315 0.8272871572871572 0.0366955266955267 0.06810966810966812
2 0.49658008658008657 0.8268831168831169 0.037503607503607504 0.0721067821067821
1 0.4633333333333333 0.8260894660894661 0.015887445887445888 0.0640981240981241