1 0.31338541666666664 0.20153935185185184 0.06553240740740743 0.19938657407407412
3 0.42267939814814814 0.21409722222222222 0.1329340277777778 0.22928819444444448
9 0.5690567129629629 0.2307204861111111 0.13215277777777779 0.2292766203703703
9 0.39589409722222224 0.4547424768518519 0.13376736111111115 0.23633101851851848
2 0.5368113425925926 0.4701128472222223 0.14706018518518515 0.23809027777777772
7 0.4395862268518519 0.6741637731481481 0.08009259259259256 0.16132523148148153
4 0.5324710648148148 0.6868692129629629 0.09487268518518518 0.15295138888888893
4 0.5686111111111111 0.8710185185185185 0.045057870370370345 0.07175347222222221
0 0.5186487268518519 0.8651996527777779 0.04745949074074076 0.07960069444444429
2 0.4581394675925926 0.859224537037037 0.04905671296296284 0.0843113425925928
1 0.42184317129629634 0.8543894675925927 0.02475694444444443 0.07301504629629604