1 0.3115234375 0.2529296875 0.0419921875 0.17578125
3 0.41015625 0.2548828125 0.1005859375 0.1962890625
9 0.5419921875 0.2548828125 0.099609375 0.1962890625
9 0.40625 0.4716796875 0.1005859375 0.203125
2 0.533203125 0.47265625 0.11328125 0.203125
7 0.4638671875 0.6640625 0.0595703125 0.138671875
4 0.548828125 0.666015625 0.072265625 0.130859375
4 0.5966796875 0.828125 0.03515625 0.060546875
0 0.5517578125 0.8271484375 0.037109375 0.068359375
2 0.49609375 0.8271484375 0.037109375 0.072265625
1 0.462890625 0.826171875 0.015625 0.064453125