1 0.2886140046296296 0.29911747685185186 0.08291377314814818 0.18236400462962965
3 0.385402199074074 0.2880859375 0.14531249999999996 0.2158564814814815
9 0.5138961226851853 0.26945891203703703 0.14531250000000018 0.2158564814814815
9 0.4312789351851851 0.5031828703703703 0.14761284722222223 0.22178819444444442
2 0.5560402199074075 0.48734085648148145 0.15944733796296306 0.2241753472222222
7 0.5327473958333333 0.6862340856481481 0.09071180555555558 0.14952256944444442
4 0.6159794560185186 0.6766493055555556 0.1020833333333333 0.14409722222222232
4 0.7001446759259259 0.8308015046296297 0.04885706018518521 0.06807002314814814
0 0.6556278935185185 0.8359736689814814 0.053226273148148096 0.07602719907407396
2 0.6015190972222222 0.8437138310185186 0.05345775462962976 0.07993344907407396
1 0.569581886574074 0.8474030671296295 0.03127893518518521 0.0674189814814814