1 0.30777633101851853 0.2367766203703704 0.04557291666666674 0.17800925925925926
3 0.4063802083333333 0.2336154513888889 0.10445601851851849 0.20057870370370368
9 0.5382161458333333 0.2267795138888889 0.1025028935185186 0.20047743055555556
9 0.39926215277777777 0.4506148726851852 0.10457175925925921 0.20839120370370368
2 0.5262008101851852 0.44500868055555554 0.11629050925925921 0.2089988425925926
7 0.45402922453703703 0.6400101273148148 0.06064814814814812 0.14171006944444442
4 0.5389612268518519 0.6375578703703704 0.0742042824074074 0.13460648148148158
4 0.5844111689814815 0.7971860532407407 0.03605324074074079 0.062369791666666785
0 0.5395037615740741 0.7985387731481481 0.0381221064814814 0.07028356481481479
2 0.4838396990740741 0.8014250578703703 0.038179976851851816 0.07418981481481479
1 0.4506510416666667 0.8021701388888889 0.016579861111111205 0.06526331018518516