4 0.5558630136986301 0.3608757062146893 0.12983561643835617 0.2556497175141243
9 0.6907671232876712 0.3615819209039548 0.12843835616438357 0.2570621468926554
1 0.459972602739726 0.365819209039548 0.05043835616438356 0.24293785310734464
5 0.7072054794520548 0.6299435028248588 0.13665753424657534 0.2627118644067797
8 0.5675068493150685 0.6306497175141242 0.13668493150684932 0.2584745762711864
8 0.7400821917808219 0.847457627118644 0.0983013698630137 0.1553672316384181
5 0.6277808219178082 0.8502824858757062 0.10106849315068493 0.1638418079096045
3 0.349041095890411 0.8580508474576272 0.07235616438356164 0.153954802259887
1 0.43054794520547945 0.16807909604519775 0.04084931506849315 0.0903954802259887
9 0.6586027397260273 0.16807909604519775 0.0586027397260274 0.09322033898305085
2 0.5743561643835616 0.1694915254237288 0.0736986301369863 0.096045197740113