4 0.572265625 0.38609664351851847 0.16015625 0.27427662037037037
9 0.7060546875 0.4066623263888889 0.16015625 0.27622974537037037
1 0.4765625 0.3764250578703704 0.080078125 0.2504195601851851
5 0.689453125 0.6747251157407408 0.16796875 0.2823206018518518
8 0.55078125 0.6540147569444444 0.16796875 0.2784143518518518
8 0.6962890625 0.894654224537037 0.1171875 0.16948784722222232
5 0.583984375 0.8805844907407407 0.119140625 0.17931134259259252
3 0.3056640625 0.8459707754629631 0.08984375 0.16477141203703694
1 0.4716796875 0.17608506944444446 0.052734375 0.09726562500000002
9 0.697265625 0.21011284722222223 0.0703125 0.10169270833333333
2 0.6142578125 0.19984085648148148 0.083984375 0.10600405092592591