4 0.5771484375 0.34641927083333335 0.16796875 0.2809027777777777
9 0.7099609375 0.36102430555555554 0.16796875 0.2809027777777777
1 0.4814453125 0.33993055555555557 0.087890625 0.251953125
5 0.6845703125 0.6307074652777778 0.17578125 0.2890625
8 0.5458984375 0.6153862847222222 0.17578125 0.28515625
8 0.6826171875 0.8505208333333334 0.12109375 0.1733506944444443
5 0.5712890625 0.8408203125 0.125 0.18328993055555554
3 0.2939453125 0.8170138888888889 0.095703125 0.16831597222222205
1 0.4833984375 0.1396484375 0.0546875 0.09813368055555555
9 0.7080078125 0.1657986111111111 0.072265625 0.10477430555555556
2 0.625 0.1577690972222222 0.087890625 0.109375