4 0.6487673611111111 0.41104166666666664 0.16435763888888885 0.29686921296296304
9 0.8074392361111112 0.4169068287037037 0.1636111111111113 0.29842013888888896
1 0.5363628472222223 0.413671875 0.0702430555555555 0.27907407407407414
5 0.8287239583333333 0.7245428240740741 0.17314236111111114 0.3055902777777778
8 0.6646180555555555 0.7201591435185184 0.1730381944444444 0.3009027777777778
8 0.8679947916666666 0.9409924768518518 0.12152777777777786 0.11801504629629633
5 0.7343489583333334 0.9388194444444444 0.12465277777777786 0.12236111111111114
3 0.4070138888888889 0.9365827546296297 0.08762152777777779 0.11219907407407419
1 0.5000868055555555 0.18703703703703706 0.05230902777777775 0.10464699074074076
9 0.7689409722222222 0.19570601851851852 0.07270833333333329 0.1088541666666667
2 0.6697135416666666 0.19384548611111113 0.09074652777777778 0.11224537037037038