4 0.5556640625 0.361328125 0.1298828125 0.255859375
9 0.6904296875 0.361328125 0.12890625 0.2568359375
1 0.4599609375 0.3662109375 0.05078125 0.2431640625
5 0.70703125 0.6298828125 0.13671875 0.2626953125
8 0.5673828125 0.630859375 0.13671875 0.2587890625
8 0.740234375 0.84765625 0.0986328125 0.1552734375
5 0.6279296875 0.8505859375 0.1005859375 0.1640625
3 0.3486328125 0.8583984375 0.072265625 0.154296875
1 0.4306640625 0.16796875 0.041015625 0.0908203125
9 0.658203125 0.16796875 0.05859375 0.0927734375
2 0.57421875 0.169921875 0.0732421875 0.095703125