3 0.459375 0.296875 0.16953125 0.25703125
2 0.64765625 0.30078125 0.1890625 0.253125
7 0.465625 0.56484375 0.1796875 0.2640625
0 0.65234375 0.56640625 0.1796875 0.2671875
1 0.46640625 0.796875 0.11875 0.15859375
1 0.584375 0.79921875 0.10234375 0.14921875
6 0.69375 0.80390625 0.09921875 0.1671875
6 0.5203125 0.11796875 0.053125 0.084375
1 0.465625 0.11875 0.05859375 0.07734375
2 0.62890625 0.11875 0.053125 0.09140625
5 0.68359375 0.1203125 0.04453125 0.09375
1 0.2703125 0.2953125 0.14296875 0.2359375