3 0.4335286458333333 0.298828125 0.23046875 0.263671875
2 0.6700014467592592 0.2939453125 0.2538483796296296 0.26171875
7 0.44223090277777777 0.5654296875 0.24241898148148144 0.271484375
0 0.6767795138888889 0.5595703125 0.24247685185185186 0.2734375
1 0.48420138888888886 0.796875 0.08287037037037037 0.16015625
1 0.6288194444444444 0.7939453125 0.0668981481481481 0.1484375
6 0.7313295717592593 0.794921875 0.13595196759259265 0.171875
6 0.5092230902777778 0.1171875 0.07090567129629632 0.0859375
1 0.4632378472222222 0.1201171875 0.03356481481481477 0.078125
2 0.6450810185185185 0.11328125 0.07309027777777777 0.09375
5 0.7134693287037037 0.1123046875 0.061429398148148184 0.095703125
1 0.251830150462963 0.30078125 0.08702256944444442 0.234375