3 0.43296006944444443 0.22890625 0.20394675925925937 0.29574652777777777
2 0.6442881944444444 0.23360243055555557 0.22570601851851854 0.2923263888888889
7 0.43658275462962964 0.5287934027777778 0.2158969907407407 0.3038194444444445
0 0.646015625 0.5314930555555556 0.21598958333333335 0.30694444444444446
1 0.4683506944444444 0.7890451388888889 0.07244212962962955 0.1788368055555555
1 0.5980266203703704 0.7923177083333333 0.05961805555555557 0.16762152777777767
6 0.6896846064814814 0.7990451388888888 0.12044560185185187 0.1916145833333333
6 0.504152199074074 0.04247395833333333 0.062008101851851904 0.06383680555555557
1 0.4604253472222222 0.04072048611111111 0.029126157407407406 0.06076388888888888
2 0.6228906249999999 0.045503472222222216 0.06203125000000007 0.06461805555555555
5 0.6841608796296297 0.04881944444444445 0.05355324074074073 0.06833333333333333
1 0.27054108796296295 0.2225607638888889 0.07648148148148151 0.26246527777777773