3 0.4404224537037037 0.32016782407407407 0.22052951388888897 0.26885127314814816
2 0.676634837962963 0.336328125 0.24580439814814814 0.26626157407407414
7 0.440306712962963 0.5881510416666667 0.234375 0.2754195601851852
0 0.6746238425925926 0.6022569444444444 0.23443287037037042 0.2773726851851852
1 0.4734592013888889 0.8226490162037037 0.07689525462962965 0.15999710648148158
1 0.6179325810185186 0.8320963541666666 0.0629918981481481 0.15147569444444464
6 0.7203269675925926 0.8422960069444445 0.12997685185185182 0.1744502314814813
6 0.5228660300925926 0.14545717592592594 0.06889467592592591 0.087427662037037
1 0.4769386574074074 0.14405381944444445 0.02965856481481488 0.07954282407407409
2 0.6585792824074075 0.15347222222222223 0.06906828703703694 0.093287037037037
5 0.7269097222222223 0.1579933449074074 0.05746527777777777 0.09658564814814818
1 0.2588975694444445 0.3068431712962963 0.0790943287037037 0.23421585648148147