3 0.478125 0.26640625 0.1828125 0.27734375
2 0.68125 0.2703125 0.2046875 0.27265625
7 0.48515625 0.55546875 0.19375 0.28515625
0 0.68671875 0.55703125 0.19375 0.28828125
1 0.4859375 0.80625 0.12890625 0.17109375
1 0.61328125 0.80859375 0.11015625 0.1609375
6 0.73125 0.8140625 0.10703125 0.18046875
6 0.54453125 0.0734375 0.05703125 0.090625
1 0.48515625 0.07421875 0.06328125 0.08359375
2 0.6609375 0.07421875 0.05703125 0.0984375
5 0.7203125 0.07578125 0.0484375 0.1015625
1 0.27421875 0.2640625 0.1546875 0.2546875