3 0.44937037037037036 0.2970796460176991 0.21303703703703705 0.2570501474926254
2 0.6856666666666666 0.30058997050147496 0.23770370370370372 0.2528318584070796
7 0.4572962962962963 0.5646902654867256 0.22540740740740742 0.264070796460177
0 0.6918148148148148 0.5660766961651917 0.22533333333333336 0.2669026548672567
1 0.496962962962963 0.7964601769911505 0.07196296296296296 0.1573156342182891
1 0.6415925925925926 0.7985545722713864 0.05781481481481481 0.14749262536873156
6 0.7438518518518519 0.804188790560472 0.12481481481481482 0.16716814159292037
6 0.526074074074074 0.11799410029498525 0.06666666666666667 0.08427728613569321
1 0.4802222222222222 0.11870206489675517 0.02788888888888889 0.0772566371681416
2 0.6618518518518518 0.11870206489675517 0.06662962962962962 0.09129793510324484
5 0.7306296296296296 0.12008849557522124 0.05603703703703704 0.09410029498525073
1 0.2677407407407408 0.29289085545722715 0.07200000000000001 0.23176991150442475