3 0.44921875 0.296875 0.212890625 0.2568359375
2 0.685546875 0.30078125 0.2373046875 0.2529296875
7 0.45703125 0.564453125 0.2255859375 0.263671875
0 0.69140625 0.56640625 0.2255859375 0.2666015625
1 0.4970703125 0.796875 0.072265625 0.1572265625
1 0.6416015625 0.798828125 0.0576171875 0.1474609375
6 0.744140625 0.8037109375 0.125 0.1669921875
6 0.5263671875 0.1181640625 0.06640625 0.083984375
1 0.48046875 0.119140625 0.0283203125 0.0771484375
2 0.662109375 0.119140625 0.06640625 0.0908203125
5 0.73046875 0.1201171875 0.0556640625 0.09375
1 0.267578125 0.29296875 0.072265625 0.2314453125