1 0.2651041666666667 0.4637369791666667 0.09175347222222219 0.26299189814814805
7 0.3586371527777778 0.45536024305555556 0.13671875 0.2656105324074074
1 0.5429036458333334 0.4444227430555555 0.08402777777777759 0.26678240740740744
5 0.6363715277777777 0.4331163194444444 0.13684895833333321 0.2714699074074074
3 0.7305555555555555 0.49796730324074073 0.06332465277777777 0.12589699074074068
9 0.7851128472222222 0.4929181134259259 0.06527777777777777 0.12592592592592589
1 0.2876302083333333 0.6866536458333333 0.037413194444444464 0.1020833333333333
1 0.4064670138888889 0.6747468171296296 0.03541666666666665 0.1001012731481481
1 0.7330512152777777 0.6542028356481482 0.035503472222222054 0.1040075231481481
9 0.7730034722222223 0.6508897569444445 0.05507812500000009 0.10625000000000018
1 0.8300564236111111 0.6702835648148149 0.02473958333333326 0.058940972222222054