1 0.2601290322580645 0.43870967741935485 0.06427419354838709 0.25806451612903225
7 0.3536774193548387 0.43709677419354837 0.1094032258064516 0.25483870967741934
1 0.5391290322580645 0.43951612903225806 0.054532258064516136 0.2629032258064516
5 0.6326774193548387 0.43548387096774194 0.10933870967741936 0.26129032258064516
3 0.719758064516129 0.507258064516129 0.051258064516129034 0.12096774193548387
9 0.7754032258064516 0.5056451612903226 0.05287096774193548 0.12096774193548387
1 0.2577258064516129 0.6620967741935484 0.027177419354838712 0.09838709677419355
1 0.37706451612903225 0.6588709677419354 0.023935483870967743 0.09838709677419355
1 0.7052419354838709 0.6620967741935484 0.02546774193548387 0.10161290322580645
9 0.7455645161290323 0.6620967741935484 0.044806451612903225 0.10161290322580645
1 0.8004032258064516 0.6854838709677419 0.018983870967741935 0.05806451612903226