1 0.259765625 0.4384765625 0.064453125 0.2578125
7 0.353515625 0.4375 0.109375 0.2548828125
1 0.5390625 0.439453125 0.0546875 0.2626953125
5 0.6328125 0.435546875 0.109375 0.26171875
3 0.7197265625 0.5068359375 0.05078125 0.12109375
9 0.775390625 0.505859375 0.052734375 0.12109375
1 0.2578125 0.662109375 0.02734375 0.0986328125
1 0.376953125 0.6591796875 0.0244140625 0.0986328125
1 0.705078125 0.662109375 0.025390625 0.1015625
9 0.7451171875 0.662109375 0.044921875 0.1015625
1 0.80078125 0.685546875 0.0185546875 0.0576171875