1 0.3062297453703704 0.4892708333333333 0.09156250000000003 0.29592592592592587
7 0.4125491898148148 0.4924016203703704 0.14305555555555555 0.29396412037037045
1 0.6233854166666667 0.5037268518518518 0.08078703703703702 0.30131365740740745
5 0.7299913194444445 0.5033449074074074 0.14328703703703702 0.30177662037037045
3 0.8278385416666666 0.589597800925926 0.06742476851851861 0.14031249999999992
9 0.8911197916666665 0.5900665509259259 0.06898726851851862 0.14032407407407418
1 0.3024247685185185 0.7430931712962963 0.03848958333333332 0.11276041666666678
1 0.4376041666666667 0.7448755787037037 0.03458333333333332 0.11273148148148167
1 0.810367476851852 0.7644299768518519 0.036261574074074335 0.11664930555555557
9 0.8565075231481482 0.766333912037037 0.05815972222222214 0.11759259259259273
1 0.9190827546296297 0.7956973379629629 0.026186342592592383 0.0665856481481482