1 0.2211588541666667 0.45970052083333335 0.12122395833333333 0.2725260416666666
7 0.31497395833333336 0.437890625 0.16640624999999998 0.27942708333333344
1 0.5003255208333334 0.3992838541666667 0.11354166666666665 0.2739583333333333
5 0.593359375 0.37460937499999997 0.16679687499999996 0.2852864583333333
3 0.6862630208333333 0.4248046875 0.07682291666666674 0.13151041666666663
9 0.7416015625000001 0.41139322916666665 0.07877604166666652 0.13164062499999996
1 0.23958333333333334 0.6791666666666667 0.04973958333333334 0.10442708333333339
1 0.35820312499999996 0.6498697916666667 0.04583333333333339 0.10416666666666652
1 0.6856770833333333 0.5794270833333334 0.04791666666666661 0.10624999999999996
9 0.7261067708333333 0.5708984374999999 0.06770833333333348 0.11145833333333321
1 0.7837890624999999 0.5806640624999999 0.031380208333333215 0.062369791666666785