0 0.5969835069444445 0.2187572337962963 0.14939236111111098 0.22624421296296293
1 0.5136284722222222 0.23868634259259258 0.06488715277777768 0.19845196759259265
1 0.39307725694444445 0.2644458912037037 0.08428819444444446 0.19360532407407405
8 0.6314670138888889 0.4227864583333333 0.15529513888888902 0.2285011574074074
6 0.5069878472222222 0.4497251157407407 0.15125868055555558 0.22243923611111116
7 0.6030164930555555 0.6056929976851853 0.09309895833333348 0.15114293981481497
5 0.6833767361111112 0.5888454861111111 0.09509548611111107 0.15319733796296298
5 0.7054253472222223 0.6940248842592592 0.050434027777777946 0.07479745370370372
2 0.669140625 0.702734375 0.04448784722222232 0.07058738425925926
1 0.5838324652777778 0.7227647569444444 0.020746527777777857 0.0557002314814814
9 0.6083116319444444 0.7185691550925926 0.03867187499999991 0.07223668981481479