0 0.6296440972222223 0.21824363425925924 0.1572222222222223 0.22178819444444448
1 0.5338715277777778 0.23127314814814817 0.06378472222222235 0.1993171296296296
1 0.3979340277777778 0.24683159722222223 0.08548611111111111 0.1918287037037037
8 0.6667013888888889 0.4273177083333334 0.16508680555555558 0.22424768518518512
6 0.5265017361111111 0.44437499999999996 0.16104166666666658 0.2179398148148149
7 0.6336631944444444 0.6099710648148149 0.09777777777777778 0.14749421296296283
5 0.7232638888888889 0.6003645833333333 0.10019097222222229 0.15065393518518527
5 0.7491059027777778 0.7089149305555555 0.05395833333333329 0.07343171296296305
2 0.7074392361111111 0.7141550925925926 0.0475868055555555 0.06787037037037039
1 0.6104947916666668 0.7271672453703704 0.019965277777777856 0.05496527777777782
9 0.6385590277777778 0.7248495370370371 0.040607638888888783 0.0701099537037038