0 0.6406422018348624 0.26965576592082613 0.11311926605504588 0.20366609294320137
1 0.5552752293577982 0.2718072289156626 0.031590214067278286 0.193631669535284
1 0.43423547400611623 0.272512908777969 0.052003058103975534 0.1835972461273666
8 0.6463761467889908 0.4783476764199656 0.11949541284403671 0.2051118760757315
6 0.5215137614678899 0.479776247848537 0.11697247706422019 0.1993631669535284
7 0.5941284403669724 0.6547676419965577 0.06853211009174312 0.13626506024096385
5 0.6744036697247706 0.6547676419965577 0.07107033639143731 0.13912220309810672
5 0.6826911314984709 0.7637693631669535 0.03922018348623853 0.06741824440619622
2 0.6457339449541284 0.7644922547332186 0.034128440366972476 0.06311531841652324
1 0.5590978593272171 0.7666437177280551 0.011207951070336392 0.053063683304647155
9 0.5839449541284404 0.7673493975903615 0.027767584097859326 0.06597246127366609