0 0.6676793981481481 0.3330439814814815 0.15465856481481488 0.22829861111111116
1 0.5842013888888888 0.3150173611111111 0.07168692129629628 0.19865451388888888
1 0.4648075810185185 0.28925781250000004 0.08904803240740744 0.19370659722222228
8 0.6297743055555556 0.5375289351851852 0.16059027777777768 0.23055555555555562
6 0.5065104166666667 0.5105902777777778 0.15842013888888884 0.2245949074074074
7 0.5406901041666667 0.6972873263888889 0.09722222222222232 0.15124421296296298
5 0.6202256944444444 0.7160879629629631 0.09924768518518512 0.15329861111111098
5 0.6044921875 0.8238787615740741 0.05345775462962954 0.07489872685185173
2 0.5685402199074074 0.8171223958333333 0.04745370370370372 0.07068865740740748
1 0.48408564814814814 0.7990451388888888 0.02155671296296302 0.0557002314814814
9 0.5073061342592593 0.8061197916666667 0.04166666666666652 0.0723379629629628