0 0.640625 0.26953125 0.11328125 0.2041015625
1 0.5556640625 0.271484375 0.03125 0.193359375
1 0.4345703125 0.2724609375 0.0517578125 0.18359375
8 0.646484375 0.478515625 0.119140625 0.205078125
6 0.521484375 0.4794921875 0.1171875 0.19921875
7 0.59375 0.654296875 0.068359375 0.13671875
5 0.6748046875 0.654296875 0.0712890625 0.138671875
5 0.6826171875 0.763671875 0.0390625 0.0673828125
2 0.6455078125 0.7646484375 0.0341796875 0.0634765625
1 0.5595703125 0.7666015625 0.0107421875 0.052734375
9 0.583984375 0.767578125 0.02734375 0.06640625