0 0.21458333333333335 0.09140625 0.027039930555555536 0.03823784722222223
1 0.23624131944444443 0.09626736111111112 0.017100694444444398 0.03389756944444444
1 0.2679253472222222 0.15128038194444443 0.04800347222222223 0.11519097222222219
1 0.6986545138888889 0.23767361111111113 0.04800347222222223 0.11519097222222219
2 0.7339409722222222 0.24216579861111112 0.06983506944444451 0.12395833333333334
0 0.6484592013888889 0.22667100694444445 0.06592881944444451 0.1237847222222222
9 0.6031467013888889 0.21588541666666666 0.06380208333333348 0.11979166666666663
8 0.5599175347222223 0.20811631944444445 0.06397569444444429 0.12369791666666669
7 0.5196180555555556 0.20047743055555556 0.06380208333333348 0.11979166666666663
6 0.47332899305555554 0.1896484375 0.06592881944444451 0.12378472222222225
5 0.4300564236111111 0.18090277777777777 0.061935763888888884 0.12165798611111112
4 0.38687065972222223 0.17411024305555556 0.06167534722222223 0.11579861111111112
3 0.34457465277777777 0.16540798611111113 0.06397569444444451 0.12369791666666663
2 0.30028211805555555 0.15564236111111113 0.06388888888888888 0.12174479166666663