0 0.14898 0.13310692669804977 0.019793333333333333 0.03456624075319435
1 0.17092 0.13310692669804977 0.010773333333333333 0.030928043039677205
1 0.20758000000000001 0.18131809011432415 0.02519333333333333 0.11036314727639544
1 0.6412599999999999 0.1807061197041022 0.025686666666666667 0.11158036314727639
2 0.6770266666666667 0.1788903833221251 0.04672 0.11521856086079356
0 0.5904666666666667 0.18010087424344318 0.043133333333333336 0.11521856086079356
9 0.5450866666666666 0.17828513786146605 0.04134 0.11279085406859449
8 0.5024133333333334 0.18010087424344318 0.04134666666666667 0.11521856086079356
7 0.46063333333333334 0.17949562878278413 0.04076 0.11279085406859449
6 0.4143533333333333 0.1788903833221251 0.044373333333333334 0.11521856086079356
5 0.3713733333333333 0.17858776059179557 0.04018 0.1146133154001345
4 0.3284 0.18010087424344318 0.039586666666666666 0.10794216543375924
3 0.28542 0.18010087424344318 0.0402 0.11642905178211163
2 0.24034 0.18010087424344318 0.04141333333333333 0.11400134498991259