0 0.0974392361111111 0.1810329861111111 0.024262152777777768 0.03815104166666666
1 0.11898871527777778 0.1771484375 0.016362847222222227 0.03389756944444444
1 0.16197916666666667 0.21816406249999998 0.043532986111111116 0.11510416666666667
1 0.5920572916666667 0.13758680555555555 0.043532986111111116 0.11510416666666667
2 0.6263888888888889 0.12923177083333334 0.06519097222222214 0.12387152777777777
0 0.5411458333333334 0.145703125 0.06124131944444455 0.12174479166666663
9 0.49609375 0.15355902777777777 0.05924479166666674 0.11970486111111112
8 0.45297309027777777 0.1623046875 0.05928819444444444 0.12165798611111112
7 0.41280381944444444 0.16994357638888888 0.05924479166666663 0.11970486111111112
6 0.3658203125 0.17690972222222223 0.06128472222222214 0.12369791666666663
5 0.3226996527777778 0.18565538194444445 0.05733506944444444 0.12157118055555555
4 0.28055555555555556 0.19435763888888888 0.057204861111111116 0.11571180555555555
3 0.23745659722222223 0.2021267361111111 0.059331597222222254 0.12361111111111112
2 0.19338107638888888 0.2099392361111111 0.05928819444444444 0.12165798611111112