0 0.0971701388888889 0.01857638888888889 0.03065972222222222 0.03347222222222222
1 0.12254918981481482 0.01953125 0.018964120370370364 0.033993055555555554
1 0.15514178240740742 0.08045138888888889 0.05313078703703704 0.133125
1 0.6582609953703704 0.17098090277777778 0.054739583333333286 0.13472222222222224
2 0.6999305555555555 0.1762065972222222 0.07997106481481495 0.14309027777777777
0 0.5991869212962962 0.15950520833333334 0.07526041666666679 0.14220486111111114
9 0.5475462962962963 0.14780381944444446 0.07284722222222229 0.1398090277777778
8 0.4969270833333333 0.14120659722222223 0.07291666666666678 0.1421527777777778
7 0.44874421296296296 0.13153645833333333 0.07284722222222229 0.13980902777777776
6 0.39511574074074074 0.12096354166666667 0.0768229166666666 0.14223958333333334
5 0.34534722222222225 0.11203993055555554 0.07211226851851844 0.14135416666666667
4 0.2959230324074074 0.1046875 0.07031828703703705 0.13350694444444447
3 0.245775462962963 0.09536458333333334 0.07215856481481478 0.14291666666666666
2 0.1936747685185185 0.0859982638888889 0.07367476851851854 0.14138888888888887