0 0.14921875 0.13671875 0.01953125 0.034375
1 0.17109375 0.13671875 0.0109375 0.03046875
1 0.2078125 0.184375 0.025 0.109375
1 0.64140625 0.18359375 0.02578125 0.1109375
2 0.67734375 0.18203125 0.046875 0.1140625
0 0.590625 0.18359375 0.04296875 0.1140625
9 0.5453125 0.18125 0.04140625 0.11171875
8 0.50234375 0.18359375 0.04140625 0.1140625
7 0.4609375 0.1828125 0.040625 0.11171875
6 0.4140625 0.18203125 0.04453125 0.1140625
5 0.37109375 0.18203125 0.03984375 0.11328125
4 0.328125 0.18359375 0.03984375 0.10703125
3 0.28515625 0.18359375 0.03984375 0.115625
2 0.240625 0.18359375 0.04140625 0.11328125