0 0.1494140625 0.1328125 0.01953125 0.0341796875
1 0.1708984375 0.1328125 0.0107421875 0.03125
1 0.2080078125 0.181640625 0.025390625 0.1103515625
1 0.6416015625 0.1806640625 0.025390625 0.111328125
2 0.6767578125 0.1787109375 0.046875 0.115234375
0 0.5908203125 0.1796875 0.04296875 0.115234375
9 0.544921875 0.1787109375 0.041015625 0.1123046875
8 0.501953125 0.1796875 0.041015625 0.115234375
7 0.4609375 0.1796875 0.041015625 0.1123046875
6 0.4140625 0.1787109375 0.0439453125 0.115234375
5 0.37109375 0.1787109375 0.0400390625 0.1142578125
4 0.328125 0.1796875 0.0400390625 0.1083984375
3 0.28515625 0.1796875 0.0400390625 0.1162109375
2 0.240234375 0.1796875 0.041015625 0.1142578125