6 0.657069271758437 0.3815580286168522 0.12122557726465365 0.18211446740858506
1 0.43316163410301955 0.388060413354531 0.0480461811722913 0.16042925278219394
2 0.5293783303730019 0.388060413354531 0.12097690941385435 0.18066772655007948
7 0.5390763765541741 0.5629411764705882 0.1274600355239787 0.16909379968203497
7 0.6667673179396092 0.5636724960254372 0.14063943161634104 0.18211446740858506
8 0.6085612788632326 0.7197615262321145 0.09204262877442274 0.1271860095389507
4 0.6950266429840142 0.72120826709062 0.07765541740674956 0.11562798092209857
1 0.6742984014209591 0.809220985691574 0.019076376554174067 0.05616852146263911
6 0.7021492007104796 0.811335453100159 0.03690941385435169 0.058298887122416536
1 0.5682060390763766 0.8129252782193959 0.02479573712255773 0.05087440381558029
9 0.5972646536412078 0.8129252782193959 0.0402664298401421 0.05298887122416534