6 0.6601924189814815 0.3857132523148148 0.13224826388888888 0.1884693287037037
1 0.4366030092592592 0.3815104166666667 0.05784143518518525 0.16252893518518519
2 0.5322699652777778 0.38568431712962964 0.13224826388888888 0.1884693287037037
7 0.5319516782407407 0.5604817708333334 0.13802083333333326 0.1767939814814814
7 0.6588469328703703 0.5673538773148148 0.1517939814814815 0.19056712962962963
8 0.5913049768518519 0.7211660879629629 0.09862557870370381 0.13158275462962976
4 0.6781756365740741 0.7263816550925926 0.08486689814814818 0.11976273148148131
1 0.6511646412037038 0.8134910300925926 0.023857060185185297 0.05681423611111103
6 0.6794632523148147 0.8162109375 0.041464120370370505 0.060850694444444464
1 0.5457175925925926 0.8113425925925926 0.02773437500000009 0.05293692129629646
9 0.575 0.8130787037037037 0.04337384259259247 0.05500578703703707