6 0.6572265625 0.3818359375 0.12109375 0.181640625
1 0.43359375 0.3876953125 0.0478515625 0.16015625
2 0.529296875 0.3876953125 0.12109375 0.1806640625
7 0.5390625 0.5625 0.1279296875 0.1689453125
7 0.6669921875 0.5634765625 0.140625 0.181640625
8 0.6083984375 0.7197265625 0.091796875 0.126953125
4 0.6953125 0.7216796875 0.078125 0.115234375
1 0.673828125 0.8095703125 0.01953125 0.056640625
6 0.7021484375 0.8115234375 0.037109375 0.05859375
1 0.568359375 0.8125 0.0244140625 0.05078125
9 0.59765625 0.8125 0.0400390625 0.052734375