6 0.6898090277777778 0.3458767361111111 0.127986111111111 0.20651620370370374
1 0.4661284722222222 0.3535040509259259 0.0547569444444445 0.17965856481481488
2 0.5622569444444444 0.353365162037037 0.12795138888888893 0.20495370370370375
7 0.5708333333333333 0.5476967592592592 0.13392361111111112 0.1925462962962964
7 0.698203125 0.5484114583333334 0.147517361111111 0.20680555555555563
8 0.6396440972222223 0.7218200231481482 0.09692708333333329 0.14435763888888892
4 0.7255815972222222 0.7230931712962964 0.08256944444444443 0.13086805555555542
1 0.7038541666666667 0.8216319444444444 0.02092013888888893 0.0627893518518519
6 0.7319357638888888 0.824001736111111 0.03895833333333343 0.06618055555555565
1 0.5982552083333333 0.8259288194444444 0.02704861111111114 0.05741319444444457
9 0.627170138888889 0.8259664351851852 0.04194444444444443 0.059976851851851976