6 0.693359375 0.3757450810185185 0.1494791666666666 0.19545717592592593
1 0.4688802083333333 0.3696759259259259 0.07343750000000004 0.16591435185185177
2 0.5651041666666667 0.3746527777777778 0.1494791666666666 0.19545717592592593
7 0.5708984375 0.5496310763888889 0.15455729166666665 0.18391203703703707
7 0.6996744791666667 0.5585358796296296 0.16914062499999982 0.19798900462962976
8 0.6374348958333333 0.7110677083333333 0.11054687500000004 0.1377748842592592
4 0.7240234375 0.7182870370370371 0.09596354166666665 0.12369791666666652
1 0.7013671875 0.8040870949074075 0.02734375 0.05928819444444455
6 0.7290364583333333 0.8081597222222223 0.04713541666666665 0.06377314814814827
1 0.5955078125 0.8013527199074074 0.03281249999999991 0.05360243055555558
9 0.6249348958333334 0.8024377893518518 0.048697916666666785 0.05797164351851847