1 0.0859375 0.41015625 0.171875 0.36875
5 0.28359375 0.403125 0.18984375 0.36484375
0 0.5515625 0.403125 0.2015625 0.36484375
2 0.7625 0.40390625 0.19375 0.3671875
4 0.903125 0.51953125 0.06875 0.12578125
8 0.97109375 0.51875 0.05703125 0.12890625
2 0.04765625 0.71953125 0.071875 0.11953125
0 0.1171875 0.71875 0.06640625 0.121875
4 0.18359375 0.74609375 0.04453125 0.065625
2 0.29375 0.71875 0.06640625 0.121875
5 0.36015625 0.7171875 0.06640625 0.1234375
9 0.509375 0.71875 0.06875 0.121875
0 0.659375 0.7203125 0.04921875 0.11796875
1 0.83046875 0.71953125 0.09140625 0.11953125
6 0.90859375 0.7203125 0.06484375 0.11796875
8 0.975 0.74375 0.0421875 0.0703125