1 0.1407182320441989 0.33934426229508197 0.08186003683241252 0.6131147540983607
5 0.28939226519337014 0.3377049180327869 0.18403314917127073 0.6295081967213115
0 0.5495027624309392 0.3344262295081967 0.19408839779005524 0.639344262295082
2 0.7538858195211786 0.3344262295081967 0.18668508287292818 0.6426229508196721
4 0.8892449355432781 0.5393442622950819 0.06696132596685082 0.21639344262295082
8 0.9628913443830571 0.5385245901639344 0.06878453038674033 0.22131147540983606
2 0.06152854511970533 0.8868852459016393 0.06898710865561694 0.2098360655737705
0 0.12828729281767956 0.8819672131147541 0.06453038674033149 0.2098360655737705
4 0.19226519337016576 0.930327868852459 0.04318600368324125 0.11311475409836065
2 0.29953959484346226 0.8852459016393442 0.06432780847145488 0.21639344262295082
5 0.36445672191528544 0.8836065573770492 0.06550644567219154 0.21639344262295082
9 0.5089871086556169 0.8868852459016393 0.06519337016574585 0.21639344262295082
0 0.6549171270718233 0.8885245901639345 0.04767955801104973 0.20655737704918034
1 0.850110497237569 0.8860655737704918 0.029208103130755062 0.2081967213114754
6 0.8956906077348067 0.889344262295082 0.061952117863720076 0.21147540983606558
8 0.9596869244935543 0.9295081967213115 0.040791896869244934 0.12786885245901639