1 0.14153645833333334 0.34083622685185183 0.15588541666666664 0.37140625
5 0.3089756944444445 0.3709780092592593 0.2727777777777778 0.3941435185185185
0 0.6010156249999999 0.41922743055555556 0.28454861111111107 0.3965740740740742
2 0.8307465277777778 0.4580324074074074 0.2767534722222223 0.3972974537037038
4 0.959157986111111 0.5890943287037038 0.08168402777777786 0.14912615740740734
2 0.035451388888888886 0.64625 0.04493055555555555 0.12375000000000007
0 0.08412326388888888 0.6571556712962963 0.09345486111111109 0.1280150462962963
4 0.15184027777777778 0.699056712962963 0.05921875000000001 0.0637094907407409
2 0.27697916666666667 0.6886574074074074 0.09345486111111115 0.1280150462962963
5 0.34986111111111107 0.6993518518518519 0.09428819444444443 0.13036458333333342
9 0.5121875 0.7278935185185185 0.09501736111111114 0.12802662037037038
0 0.6760763888888889 0.7564467592592592 0.07454861111111111 0.12084490740740747
1 0.8963628472222223 0.7920572916666667 0.05342013888888886 0.11912615740740744
6 0.9442013888888889 0.8006134259259259 0.08473958333333335 0.12248263888888893