1 0.140625 0.3388671875 0.08203125 0.61328125
5 0.2890625 0.337890625 0.18359375 0.6298828125
0 0.5498046875 0.333984375 0.1943359375 0.6396484375
2 0.75390625 0.333984375 0.1865234375 0.642578125
4 0.8896484375 0.5390625 0.0673828125 0.216796875
8 0.962890625 0.5380859375 0.068359375 0.2216796875
2 0.0615234375 0.88671875 0.0693359375 0.2099609375
0 0.1279296875 0.8818359375 0.064453125 0.2099609375
4 0.1923828125 0.9306640625 0.04296875 0.11328125
2 0.2998046875 0.884765625 0.064453125 0.216796875
5 0.3642578125 0.8837890625 0.0654296875 0.216796875
9 0.5087890625 0.88671875 0.0654296875 0.216796875
0 0.6552734375 0.888671875 0.0478515625 0.20703125
1 0.8505859375 0.8857421875 0.029296875 0.2080078125
6 0.8955078125 0.8896484375 0.0615234375 0.2119140625
8 0.9599609375 0.9296875 0.041015625 0.1279296875