1 0.14165219907407406 0.3153211805555555 0.11263020833333337 0.6229021990740741
5 0.2900173611111111 0.31758174189814814 0.21451099537037033 0.6351634837962963
0 0.5506872106481482 0.31302445023148145 0.22637442129629637 0.6260489004629629
2 0.7546875 0.30922670717592593 0.21859085648148158 0.6184534143518519
4 0.8795066550925925 0.4869791666666667 0.07745949074074066 0.22424768518518523
8 0.9527199074074074 0.4835069444444444 0.07949942129629628 0.23025173611111116
2 0.0373046875 0.8675491898148149 0.074609375 0.21853298611111116
0 0.10237268518518519 0.8596281828703703 0.0754195601851852 0.2182436342592593
4 0.16410590277777776 0.9067563657407407 0.04858217592592595 0.11870659722222232
2 0.27312644675925923 0.8567346643518519 0.07550636574074077 0.2241030092592593
5 0.33756510416666663 0.8529369212962963 0.07550636574074066 0.2241030092592593
9 0.48198061342592596 0.8500434027777778 0.07550636574074077 0.2241030092592593
0 0.6283637152777778 0.8460286458333333 0.057783564814814836 0.21303530092592604
1 0.8236328125 0.8344907407407407 0.04017650462962963 0.20978009259259256
6 0.8685402199074074 0.8321397569444444 0.07139756944444442 0.21014178240740744
8 0.9304036458333333 0.8704788773148148 0.04668692129629637 0.12246817129629628