1 0.140625 0.41015625 0.08203125 0.34453125
5 0.2890625 0.409375 0.184375 0.35390625
0 0.54921875 0.40703125 0.19375 0.359375
2 0.75390625 0.40703125 0.18671875 0.3609375
4 0.8890625 0.52265625 0.0671875 0.121875
8 0.96328125 0.521875 0.06875 0.12421875
2 0.06171875 0.71796875 0.06875 0.11796875
0 0.128125 0.71484375 0.06484375 0.11796875
4 0.1921875 0.7421875 0.04296875 0.06328125
2 0.29921875 0.71640625 0.0640625 0.121875
5 0.36484375 0.715625 0.065625 0.121875
9 0.509375 0.71796875 0.06484375 0.121875
0 0.6546875 0.71875 0.04765625 0.11640625
1 0.85 0.7171875 0.02890625 0.1171875
6 0.8953125 0.71875 0.06171875 0.11875
8 0.959375 0.74140625 0.040625 0.071875