1 0.11982060185185185 0.3528862847222222 0.12369791666666666 0.6206741898148148
5 0.26841001157407407 0.3587528935185185 0.22812500000000002 0.6443865740740741
0 0.5296079282407407 0.3654152199074074 0.23839699074074083 0.6547309027777778
2 0.733912037037037 0.3736038773148148 0.23078703703703707 0.6581741898148148
4 0.8630280671296295 0.5850043402777778 0.08165509259259274 0.22291666666666665
8 0.9363715277777778 0.5873914930555555 0.08381076388888897 0.22693865740740726
2 0.03178891782407407 0.8954861111111111 0.06357783564814815 0.2090277777777778
0 0.08868634259259259 0.894581886574074 0.07929687499999999 0.210836226851852
4 0.151685474537037 0.9447193287037037 0.050795717592592604 0.11056134259259265
2 0.26056134259259256 0.8977213541666667 0.07970196759259252 0.2045572916666667
5 0.3251663773148148 0.8981662326388888 0.07970196759259252 0.20366753472222232
9 0.46964699074074073 0.9029369212962963 0.07970196759259263 0.19412615740740735
0 0.6161820023148148 0.9099790219907408 0.06151620370370381 0.18004195601851847
1 0.8117983217592593 0.9126085069444445 0.044039351851851816 0.17478298611111098
6 0.856568287037037 0.91396484375 0.07549189814814827 0.17207031250000004
8 0.9199725115740741 0.9567491319444444 0.04965277777777777 0.08650173611111112