0 0.5020138888888889 0.03066550925925926 0.05847222222222222 0.06133101851851852
3 0.5886111111111111 0.03405092592592592 0.05621527777777775 0.06810185185185184
6 0.63890625 0.037447916666666664 0.05234375 0.0706886574074074
9 0.6778125 0.23751736111111113 0.20093750000000005 0.2897222222222222
0 0.8656944444444445 0.2540914351851852 0.19222222222222207 0.28418981481481487
1 0.8189583333333333 0.05486111111111112 0.0219444444444445 0.07358796296296295
1 0.9534201388888889 0.06753472222222222 0.024878472222222215 0.06501736111111109
6 0.6432638888888889 0.544363425925926 0.21484375 0.31794560185185183
4 0.8491232638888888 0.5604137731481481 0.19755208333333343 0.3131307870370371
8 0.7982812499999999 0.8095775462962964 0.089982638888889 0.147517361111111
1 0.912109375 0.8192795138888889 0.04227430555555571 0.14482060185185192