0 0.35575086805555556 0.1327618634259259 0.061038773148148096 0.07589699074074074
3 0.4315827546296296 0.11979166666666666 0.059085648148148096 0.07583912037037038
6 0.47685185185185186 0.11260127314814815 0.055063657407407485 0.07377025462962963
9 0.5450810185185185 0.27727864583333334 0.2071469907407406 0.27129629629629626
0 0.7104166666666667 0.25093315972222224 0.19898726851851856 0.2652054398148148
1 0.6360387731481482 0.09131221064814815 0.027372685185185208 0.06710069444444444
1 0.7570240162037036 0.07310474537037037 0.02886284722222232 0.0593460648148148
6 0.5642650462962964 0.5457682291666667 0.22232349537037033 0.29709201388888884
4 0.7474103009259259 0.5149956597222222 0.20635127314814827 0.29076967592592595
8 0.7449001736111112 0.7383101851851852 0.09587673611111125 0.13736979166666652
1 0.8453776041666667 0.7207103587962963 0.05256076388888875 0.13023726851851847