0 0.47968026620370374 0.09061053240740741 0.057740162037037024 0.07757523148148149
3 0.5546875 0.0988498263888889 0.055787037037037024 0.07745949074074077
6 0.5985026041666667 0.10503472222222224 0.051851851851851816 0.07527488425925927
9 0.6182581018518518 0.2863208912037037 0.1953414351851852 0.2769675925925926
0 0.7808955439814815 0.30692997685185186 0.18744212962962958 0.27064525462962963
1 0.7532841435185185 0.12903645833333333 0.02442129629629619 0.06779513888888888
1 0.8711154513888889 0.14449508101851855 0.02625868055555558 0.060098379629629606
6 0.5644892939814814 0.5568504050925926 0.20938946759259247 0.3031684027777777
4 0.7446903935185185 0.577394386574074 0.19367766203703707 0.2963831018518519
8 0.6819227430555556 0.7967447916666667 0.08988715277777781 0.13997395833333326
1 0.7822482638888889 0.8083622685185186 0.04683159722222219 0.13156828703703694