0 0.421875 0.126953125 0.0458984375 0.0673828125
3 0.498046875 0.1279296875 0.0439453125 0.0673828125
6 0.54296875 0.12890625 0.041015625 0.0673828125
9 0.59375 0.306640625 0.1552734375 0.244140625
0 0.759765625 0.310546875 0.1474609375 0.2392578125
1 0.7021484375 0.1376953125 0.013671875 0.064453125
1 0.822265625 0.1416015625 0.0166015625 0.056640625
6 0.5869140625 0.578125 0.1650390625 0.2685546875
4 0.76953125 0.5810546875 0.150390625 0.265625
8 0.7451171875 0.8037109375 0.068359375 0.125
1 0.8466796875 0.8046875 0.025390625 0.1259765625