0 0.42141806293420514 0.126620351450756 0.046326113608500204 0.06697180220678381
3 0.49798937474458516 0.12806702084184715 0.04435226808336739 0.06720882713526768
6 0.5429750715161422 0.1291867592970985 0.040980792807519414 0.06720882713526768
9 0.593289742541888 0.30626481405803024 0.1553453208009808 0.24400490396403762
0 0.7598978340825501 0.31058030241111567 0.14738863914997957 0.23968532897425418
1 0.7023293829178585 0.1378381691867593 0.013539027380465878 0.06405803024111156
1 0.821798120147119 0.14143440948099714 0.016391499795668164 0.05686146301593788
6 0.5871720474049856 0.578336738863915 0.16470371883939516 0.26847568451164694
4 0.769971393543114 0.5812178177360032 0.15026563138536983 0.2655946056395586
8 0.7455087862689007 0.8032652227217 0.06822639967306907 0.12523906824683284
1 0.846624438087454 0.8050674295055169 0.025741724560686557 0.12595831630568044