1 0.1943359375 0.15625 0.033203125 0.123046875
1 0.67578125 0.15625 0.0283203125 0.11328125
0 0.62109375 0.154296875 0.0419921875 0.1259765625
2 0.232421875 0.15625 0.04296875 0.123046875
3 0.2763671875 0.154296875 0.04296875 0.1240234375
4 0.3212890625 0.158203125 0.0380859375 0.1181640625
5 0.361328125 0.1552734375 0.0390625 0.1240234375
6 0.404296875 0.154296875 0.0458984375 0.1259765625
7 0.4501953125 0.1552734375 0.0390625 0.1220703125
8 0.4912109375 0.154296875 0.0400390625 0.1259765625
9 0.5361328125 0.154296875 0.046875 0.1220703125
1 0.587890625 0.1552734375 0.0234375 0.1171875