1 0.1875 0.1734375 0.05390625 0.1234375
1 0.7 0.17578125 0.053125 0.11953125
0 0.653125 0.1703125 0.04453125 0.12421875
2 0.23671875 0.171875 0.04609375 0.12109375
3 0.28359375 0.1703125 0.04609375 0.121875
4 0.33125 0.1734375 0.040625 0.11640625
5 0.37421875 0.17109375 0.04140625 0.121875
6 0.42109375 0.1703125 0.04921875 0.12421875
7 0.4703125 0.1703125 0.0421875 0.1203125
8 0.5140625 0.1703125 0.04296875 0.1234375
9 0.56171875 0.16953125 0.05078125 0.1203125
1 0.6078125 0.17265625 0.04296875 0.11875