1 0.18035300925925926 0.16485243055555557 0.053015046296296296 0.12885416666666663
1 0.7115104166666667 0.2286053240740741 0.04646412037037031 0.11860532407407405
0 0.6515856481481481 0.21990162037037037 0.06331018518518512 0.13369212962962962
2 0.22279224537037035 0.1701707175925926 0.06399884259259263 0.1305787037037037
3 0.2719068287037037 0.17441550925925925 0.06560763888888896 0.13216435185185188
4 0.320078125 0.18411747685185184 0.058368055555555555 0.12502893518518515
5 0.3649537037037037 0.1863454861111111 0.060115740740740706 0.13130208333333332
6 0.4128732638888889 0.19135416666666666 0.06802083333333328 0.13454282407407403
7 0.4630902777777778 0.19796006944444444 0.0600462962962963 0.12895833333333334
8 0.508287037037037 0.20253761574074075 0.06172453703703695 0.13288773148148145
9 0.5577575231481482 0.20796006944444442 0.06868634259259263 0.1306481481481482
1 0.6141782407407408 0.2162210648148148 0.041892361111111144 0.12244212962962964