1 0.1619140625 0.18580005787037038 0.04574652777777777 0.125318287037037
1 0.6423394097222223 0.14735966435185185 0.03967013888888893 0.11550925925925926
0 0.5875868055555555 0.14988425925925924 0.05559895833333339 0.12929687499999998
2 0.19911024305555558 0.18216869212962963 0.05555555555555558 0.12734374999999998
3 0.24318576388888888 0.17663483796296298 0.055555555555555525 0.12734374999999998
4 0.2881076388888889 0.1769675925925926 0.05151909722222214 0.12145543981481483
5 0.32827690972222223 0.17140480324074073 0.05164930555555558 0.12731481481481483
6 0.37135416666666665 0.16684027777777777 0.05950520833333339 0.12932581018518519
7 0.4163411458333333 0.1642433449074074 0.05160590277777777 0.12536168981481483
8 0.4574652777777778 0.15966435185185185 0.05364583333333339 0.12928240740740743
9 0.5024739583333333 0.1560908564814815 0.05941840277777777 0.12541956018518519
1 0.5543185763888889 0.1525679976851852 0.03585069444444455 0.11938657407407405