1 0.14144965277777777 0.21443142361111112 0.054615162037037035 0.12929687499999998
1 0.6181495949074074 0.1603732638888889 0.04665798611111116 0.11918402777777776
0 0.5633608217592593 0.16477864583333335 0.062485532407407396 0.13355034722222225
2 0.17864583333333334 0.21022135416666665 0.06440972222222219 0.13168402777777777
3 0.22174479166666666 0.2033420138888889 0.06440972222222219 0.13168402777777777
4 0.2676866319444444 0.20245225694444446 0.058463541666666674 0.12556423611111112
5 0.30687934027777775 0.19539930555555557 0.06050347222222219 0.13151041666666663
6 0.3489872685185185 0.189453125 0.0663917824074074 0.1337239583333334
7 0.3940104166666667 0.18461371527777778 0.06047453703703698 0.12955729166666669
8 0.4351273148148148 0.17960069444444443 0.060532407407407396 0.13346354166666663
9 0.479173900462963 0.17471788194444446 0.06633391203703709 0.12981770833333334
1 0.5310474537037038 0.16920572916666665 0.04278067129629637 0.12096354166666667