1 0.19453125 0.184375 0.0328125 0.1125
1 0.67578125 0.184375 0.028125 0.10390625
0 0.62109375 0.1828125 0.04140625 0.115625
2 0.2328125 0.18359375 0.04296875 0.11328125
3 0.2765625 0.1828125 0.04296875 0.1140625
4 0.32109375 0.1859375 0.03828125 0.10859375
5 0.3609375 0.1828125 0.03828125 0.1140625
6 0.4046875 0.1828125 0.0453125 0.11640625
7 0.45078125 0.1828125 0.0390625 0.11171875
8 0.49140625 0.18203125 0.03984375 0.115625
9 0.5359375 0.18203125 0.04765625 0.1125
1 0.5875 0.1828125 0.0234375 0.10703125