1 0.19425480769230768 0.1562565445026178 0.03286057692307692 0.12272251308900524
1 0.6757211538461539 0.1562565445026178 0.028221153846153847 0.11290575916230366
0 0.6208894230769231 0.15460732984293193 0.041754807692307695 0.12599476439790577
2 0.23259615384615387 0.15607329842931936 0.04274038461538462 0.12319371727748692
3 0.2768269230769231 0.1544764397905759 0.04331730769230769 0.1238219895287958
4 0.32108173076923074 0.1579842931937173 0.03805288461538461 0.11808900523560209
5 0.36122596153846154 0.1551047120418848 0.03860576923076923 0.1238219895287958
6 0.4045913461538462 0.1544764397905759 0.045649038461538456 0.12638743455497384
7 0.4506009615384615 0.15479057591623038 0.03918269230769231 0.1219109947643979
8 0.49132211538461534 0.15413612565445026 0.03975961538461538 0.1257329842931937
9 0.5361538461538461 0.1538219895287958 0.04735576923076923 0.12253926701570682
1 0.5874519230769231 0.15479057591623038 0.02331730769230769 0.11680628272251309