5 0.3565335648148148 0.39607638888888885 0.1704224537037037 0.27479166666666666
4 0.5338686342592593 0.42578993055555553 0.15547453703703695 0.26743055555555556
8 0.6735879629629629 0.44685763888888885 0.1617013888888888 0.2660069444444444
2 0.7575752314814815 0.5279947916666666 0.05950231481481474 0.11534722222222235
8 0.8092708333333334 0.538125 0.0688773148148151 0.1155555555555555
1 0.21116030092592591 0.6259722222222223 0.03984375 0.1063194444444445
1 0.2780729166666666 0.6352690972222221 0.03979745370370367 0.1031944444444445
4 0.31370659722222227 0.6419184027777778 0.058535879629629584 0.10282986111111114
0 0.4326533564814815 0.6578385416666667 0.060248842592592666 0.11302083333333321
7 0.5591030092592593 0.6793923611111111 0.061822916666666575 0.11383680555555564
1 0.6181857638888889 0.6873437499999999 0.03677662037037024 0.11015625
4 0.6478587962962964 0.7133854166666667 0.03931134259259252 0.0703819444444445
5 0.7086400462962963 0.7041927083333334 0.06417824074074083 0.11467013888888893
7 0.7598987268518519 0.7111892361111112 0.061822916666666575 0.11383680555555564