5 0.35390625 0.41796875 0.1265625 0.24453125
4 0.525 0.41875 0.11328125 0.2390625
8 0.659375 0.4171875 0.11875 0.23671875
2 0.7484375 0.48125 0.040625 0.1046875
8 0.7984375 0.4828125 0.05 0.103125
1 0.24453125 0.65859375 0.0234375 0.09921875
1 0.30859375 0.65703125 0.0234375 0.0953125
4 0.3421875 0.65703125 0.0421875 0.0921875
0 0.45703125 0.6546875 0.0421875 0.10234375
7 0.57890625 0.65546875 0.04296875 0.10234375
1 0.6359375 0.65390625 0.01953125 0.103125
4 0.6671875 0.67421875 0.02890625 0.06328125
5 0.72265625 0.65625 0.0453125 0.103125
7 0.771875 0.6546875 0.04296875 0.10234375