5 0.353515625 0.37890625 0.126953125 0.359375
4 0.5244140625 0.3798828125 0.11328125 0.3515625
8 0.66015625 0.3779296875 0.1181640625 0.34765625
2 0.7490234375 0.47265625 0.041015625 0.1533203125
8 0.798828125 0.474609375 0.0498046875 0.15234375
1 0.244140625 0.732421875 0.0234375 0.1455078125
1 0.30859375 0.73046875 0.0234375 0.140625
4 0.3427734375 0.7314453125 0.0419921875 0.1357421875
0 0.45703125 0.7275390625 0.0419921875 0.150390625
7 0.5791015625 0.728515625 0.04296875 0.150390625
1 0.6357421875 0.7265625 0.01953125 0.15234375
4 0.6669921875 0.755859375 0.0283203125 0.0927734375
5 0.72265625 0.7294921875 0.044921875 0.15234375
7 0.771484375 0.7275390625 0.04296875 0.150390625