5 0.3109375 0.3890625 0.13671875 0.26484375
4 0.49609375 0.38984375 0.12265625 0.25859375
8 0.6421875 0.3890625 0.128125 0.25625
2 0.7390625 0.4578125 0.04453125 0.11328125
8 0.79296875 0.459375 0.05390625 0.11171875
1 0.178125 0.65078125 0.05390625 0.109375
1 0.25234375 0.64765625 0.0453125 0.103125
4 0.29921875 0.6484375 0.0453125 0.1
0 0.4234375 0.6453125 0.0453125 0.1109375
7 0.5546875 0.646875 0.046875 0.1109375
1 0.6015625 0.646875 0.0515625 0.115625
4 0.65 0.66640625 0.03125 0.06875
5 0.7109375 0.64765625 0.04921875 0.11171875
7 0.7640625 0.6453125 0.046875 0.1109375