5 0.34788773148148144 0.39834346064814813 0.19275173611111107 0.37769097222222225
4 0.5160807291666667 0.3704499421296297 0.1768373842592592 0.3676938657407407
8 0.6491753472222221 0.34503038194444446 0.1825810185185186 0.3638744212962963
2 0.7540581597222222 0.4226128472222222 0.06914062499999996 0.1591579861111111
8 0.8036892361111111 0.416015625 0.07695312499999996 0.15927372685185182
1 0.3060040509259259 0.7653356481481481 0.05121527777777779 0.14717881944444455
1 0.3691333912037037 0.7526765046296295 0.04914641203703707 0.14324363425925934
4 0.40316840277777777 0.7472873263888888 0.06666666666666665 0.14155092592592577
0 0.5148365162037036 0.7241391782407407 0.06902488425925934 0.15525173611111098
7 0.6353804976851851 0.7037905092592593 0.07097800925925934 0.1552806712962962
1 0.690726273148148 0.6922236689814815 0.047540509259259345 0.15493344907407414
4 0.7266059027777778 0.7161168981481482 0.045804398148148184 0.09633969907407414
5 0.7763454861111111 0.6802083333333333 0.07304687499999996 0.1592158564814814
7 0.8239366319444444 0.6707103587962964 0.07097800925925934 0.1552806712962962