5 0.34356915509259256 0.37137586805555556 0.15212673611111116 0.364308449074074
4 0.5142144097222222 0.3769458912037037 0.1381655092592593 0.356394675925926
8 0.6498480902777778 0.37887008101851855 0.14388020833333326 0.3525318287037037
2 0.7321686921296295 0.47588975694444446 0.05258969907407396 0.15464409722222228
8 0.7818287037037037 0.47942708333333334 0.06040219907407396 0.15470196759259258
1 0.2095269097222222 0.7218822337962962 0.03472222222222221 0.14670138888888884
1 0.2739800347222222 0.7214048032407407 0.03450520833333326 0.14084201388888884
4 0.3080873842592593 0.7231047453703704 0.05193865740740744 0.13706597222222228
0 0.4223451967592593 0.7222583912037037 0.05251736111111116 0.15269097222222228
7 0.5441984953703703 0.7272135416666667 0.05447048611111116 0.15270543981481488
1 0.6008391203703703 0.7267939814814814 0.03103298611111116 0.15253182870370363
4 0.6299913194444444 0.7568431712962963 0.03472222222222232 0.09398148148148144
5 0.6875361689814814 0.7320095486111111 0.05649594907407396 0.15467303240740748
7 0.7363642939814814 0.7316478587962962 0.05447048611111116 0.15270543981481488