5 0.35364 0.3790882352941176 0.12648 0.3594705882352941
4 0.52474 0.37991176470588234 0.11312 0.3512941176470588
8 0.65972 0.378264705882353 0.11864 0.34802941176470586
2 0.7486 0.4722352941176471 0.04084 0.15358823529411764
8 0.7986 0.47467647058823526 0.04972 0.15197058823529414
1 0.24422 0.7328529411764706 0.0232 0.14541176470588235
1 0.30866000000000005 0.7303823529411765 0.02318 0.14052941176470587
4 0.34254 0.7312058823529413 0.04206 0.13561764705882354
0 0.45696 0.7271176470588235 0.04202 0.15032352941176472
7 0.57862 0.728764705882353 0.0431 0.15032352941176472
1 0.6358400000000001 0.7262941176470589 0.019760000000000003 0.15197058823529414
4 0.6669400000000001 0.7557058823529411 0.028640000000000002 0.09314705882352942
5 0.72304 0.7295882352941176 0.0453 0.15197058823529414
7 0.7719400000000001 0.7271176470588235 0.04306 0.15032352941176472