1 0.4054036458333333 0.34056712962962965 0.07293113425925923 0.15682870370370372
7 0.2041160300925926 0.6009837962962963 0.04861111111111116 0.06032986111111116
8 0.43072193287037036 0.5419198495370371 0.11860532407407409 0.18388310185185186
0 0.5277994791666667 0.5650679976851852 0.12630208333333326 0.18026620370370372
2 0.47536892361111116 0.3548900462962963 0.12222222222222223 0.1742621527777778
0 0.5714409722222222 0.37897858796296297 0.11630497685185182 0.17209201388888884
5 0.2468532986111111 0.6103877314814814 0.04304108796296302 0.06987847222222232
6 0.2818648726851852 0.6165726273148149 0.04482060185185188 0.06409143518518512
1 0.1974971064814815 0.6593967013888888 0.03281250000000002 0.05389178240740744
1 0.24796006944444443 0.6720196759259259 0.028848379629629606 0.0517939814814814
1 0.27995515046296293 0.6810257523148149 0.02695312499999991 0.0536747685185186