1 0.4423177083333334 0.2566030092592593 0.067048611111111 0.17140624999999998
7 0.26284722222222223 0.5707175925925926 0.04671874999999996 0.0646238425925926
8 0.48858506944444446 0.47412615740740743 0.11446180555555543 0.19701388888888882
0 0.590078125 0.48558159722222227 0.1229861111111111 0.19414351851851847
2 0.5155295138888889 0.26186053240740736 0.11890624999999985 0.18621527777777783
0 0.6155121527777778 0.27570601851851856 0.112638888888889 0.18524884259259267
5 0.30790798611111114 0.5756365740740741 0.0406944444444445 0.07459490740740744
6 0.3435243055555556 0.5777083333333334 0.042916666666666714 0.06919560185185177
1 0.2619618055555556 0.6364120370370371 0.03097222222222218 0.05869212962962962
1 0.31528645833333335 0.643822337962963 0.02777777777777777 0.055474537037036954
1 0.3494010416666667 0.6486747685185186 0.025503472222222177 0.058530092592592634