1 0.3890914351851852 0.31276041666666665 0.047974537037037024 0.15156250000000004
7 0.2326388888888889 0.6140625 0.03946759259259258 0.05729166666666652
8 0.4462528935185185 0.5022135416666667 0.09304108796296306 0.17408854166666665
0 0.5458188657407408 0.5014322916666667 0.10082465277777786 0.17070312499999996
2 0.4603732638888889 0.308984375 0.09882812500000004 0.16471354166666674
0 0.5589482060185185 0.3102213541666667 0.09101562499999982 0.16419270833333333
5 0.27656973379629635 0.6130859375 0.03368055555555549 0.06666666666666665
6 0.31171875 0.6117187500000001 0.03559027777777779 0.06093750000000009
1 0.2361111111111111 0.6723958333333333 0.023813657407407374 0.05234374999999991
1 0.28783998842592595 0.6728515625 0.02184606481481488 0.050260416666666696
1 0.32003761574074074 0.674609375 0.019907407407407374 0.05208333333333348