1 0.388671875 0.3408203125 0.044921875 0.1484375
7 0.2392578125 0.634765625 0.0380859375 0.0537109375
8 0.451171875 0.533203125 0.0888671875 0.1669921875
0 0.55078125 0.537109375 0.09765625 0.1630859375
2 0.4599609375 0.3408203125 0.0947265625 0.15625
0 0.55859375 0.3466796875 0.087890625 0.15625
5 0.283203125 0.6357421875 0.03125 0.0634765625
6 0.318359375 0.6357421875 0.0341796875 0.05859375
1 0.244140625 0.693359375 0.0234375 0.0498046875
1 0.2958984375 0.6962890625 0.0205078125 0.0478515625
1 0.3291015625 0.69921875 0.0185546875 0.05078125