1 0.3883886255924171 0.34126637554585154 0.04535545023696683 0.14877729257641922
7 0.23924170616113744 0.6348034934497817 0.03834123222748815 0.053362445414847165
8 0.45109004739336495 0.5329694323144105 0.08919431279620853 0.16672489082969433
0 0.5512322274881517 0.5368995633187773 0.09781990521327015 0.1627510917030568
2 0.46023696682464454 0.3409170305676856 0.09459715639810427 0.15580786026200874
0 0.5582464454976304 0.34685589519650656 0.0881042654028436 0.15580786026200874
5 0.2830805687203791 0.6361572052401747 0.031090047393364927 0.06353711790393013
6 0.31805687203791466 0.6356768558951965 0.0343127962085308 0.058558951965065505
1 0.24374407582938387 0.6937117903930131 0.023554502369668245 0.04960698689956332
1 0.2959715639810427 0.6967248908296944 0.02033175355450237 0.04764192139737991
1 0.3293838862559242 0.699170305676856 0.018151658767772513 0.050611353711790395