1 0.198815 0.348335 0.0631 0.286665
0 0.49294 0.354165 0.14802 0.30833499999999997
0 0.30213 0.35083499999999995 0.1264 0.295
8 0.64459 0.3575 0.15465 0.30833499999999997
3 0.747085 0.455 0.052969999999999996 0.133335
6 0.81124 0.458335 0.057955 0.126665
1 0.090155 0.58 0.023805 0.079735
0 0.12517 0.581395 0.044375 0.081285
2 0.19917500000000002 0.58653 0.046924999999999994 0.08984
5 0.242805 0.5886699999999999 0.03836 0.087275
8 0.546085 0.60193 0.049409999999999996 0.09497499999999999
1 0.6076849999999999 0.6079199999999999 0.02373 0.08984
9 0.6453300000000001 0.630595 0.028855 0.047915
5 0.72446 0.6130549999999999 0.046799999999999994 0.09154999999999999
6 0.7770750000000001 0.618185 0.045935000000000004 0.08813