1 0.1984375 0.3484375 0.06328125 0.28671875
0 0.49296875 0.35390625 0.14765625 0.30859375
0 0.30234375 0.35078125 0.1265625 0.2953125
8 0.64453125 0.3578125 0.1546875 0.30859375
3 0.746875 0.4546875 0.053125 0.13359375
6 0.8109375 0.45859375 0.0578125 0.1265625
1 0.08984375 0.5796875 0.0234375 0.0796875
0 0.125 0.58125 0.04453125 0.08125
2 0.19921875 0.58671875 0.046875 0.08984375
5 0.24296875 0.58828125 0.03828125 0.0875
8 0.54609375 0.6015625 0.04921875 0.0953125
1 0.6078125 0.6078125 0.0234375 0.08984375
9 0.6453125 0.63046875 0.02890625 0.04765625
5 0.72421875 0.61328125 0.046875 0.09140625
6 0.77734375 0.61796875 0.04609375 0.08828125