1 0.1765625 0.3546875 0.06796875 0.309375
0 0.49375 0.3609375 0.159375 0.3328125
0 0.28828125 0.3578125 0.13671875 0.31796875
8 0.6578125 0.36484375 0.1671875 0.3328125
3 0.76796875 0.46953125 0.05703125 0.14375
6 0.8375 0.4734375 0.0625 0.13671875
1 0.053125 0.60703125 0.0390625 0.08984375
0 0.09765625 0.60625 0.04765625 0.0875
2 0.17734375 0.61171875 0.05078125 0.096875
5 0.22421875 0.6140625 0.04140625 0.09453125
8 0.5515625 0.628125 0.053125 0.10234375
1 0.60859375 0.63515625 0.04453125 0.0984375
9 0.65859375 0.659375 0.03125 0.0515625
5 0.74375 0.640625 0.05078125 0.0984375
6 0.80078125 0.64609375 0.04921875 0.0953125