1 0.2146195023148148 0.3549696180555556 0.08334780092592597 0.2895688657407407
0 0.508615451388889 0.35812355324074074 0.1703993055555557 0.31168981481481484
0 0.31720920138888886 0.35670572916666665 0.14625289351851856 0.2978443287037038
8 0.659982638888889 0.3592447916666667 0.1762586805555557 0.31173321759259265
3 0.7694878472222222 0.4566984953703704 0.06167534722222223 0.13517071759259258
6 0.8339916087962963 0.45815248842592593 0.06723090277777777 0.12935474537037028
1 0.12125289351851852 0.5875868055555555 0.029542824074074076 0.08026620370370363
0 0.1574363425925926 0.5888310185185185 0.04917534722222222 0.08236400462962967
2 0.23185763888888888 0.5932870370370371 0.05348668981481486 0.09020543981481488
5 0.275904224537037 0.5955656828703704 0.04361979166666674 0.08817997685185186
8 0.5789930555555556 0.6046440972222222 0.05574363425925921 0.09607928240740748
1 0.6408203125 0.6109592013888889 0.03004918981481497 0.09003182870370363
9 0.6800202546296297 0.6327256944444444 0.03182870370370372 0.04904513888888884
5 0.7581597222222223 0.6147569444444445 0.053587962962962976 0.09215856481481488
6 0.8110966435185185 0.6190538194444444 0.05143229166666674 0.08823784722222205