1 0.15307002314814816 0.429296875 0.12205439814814811 0.340625
0 0.49321469907407406 0.388671875 0.22311921296296297 0.37890625
0 0.2727025462962963 0.415625 0.19563657407407406 0.36015625
8 0.6687586805555557 0.36796875 0.23094328703703687 0.38046875
3 0.801646412037037 0.46328125 0.08401041666666664 0.16171875
6 0.8763020833333334 0.45703125 0.08787037037037031 0.15546875
1 0.06307291666666667 0.713671875 0.040555555555555546 0.09609375
0 0.10372685185185185 0.709765625 0.06480902777777775 0.10078125
2 0.19049189814814815 0.703515625 0.06957175925925925 0.1109375
5 0.24130787037037038 0.698828125 0.059386574074074085 0.10703125
8 0.592337962962963 0.665234375 0.07352430555555553 0.1171875
1 0.6646238425925926 0.6625 0.04220486111111103 0.1078125
9 0.7113512731481482 0.682421875 0.04106481481481481 0.059375
5 0.7994907407407407 0.648828125 0.06958333333333329 0.1125
6 0.8612268518518519 0.646484375 0.06799189814814817 0.10859375