1 0.20219907407407406 0.3656756365740741 0.08668981481481486 0.2896412037037037
0 0.4958839699074074 0.35906394675925923 0.17343750000000002 0.31762152777777786
0 0.30465133101851855 0.3635054976851852 0.14953703703703702 0.3018229166666667
8 0.6470775462962963 0.3543258101851852 0.1792968749999999 0.31766493055555556
3 0.7572482638888889 0.4478949652777778 0.06459780092592604 0.1371672453703704
6 0.8216724537037037 0.4473958333333333 0.06827256944444438 0.1293836805555555
1 0.11255063657407408 0.6022641782407407 0.029774305555555547 0.08223379629629624
0 0.1476779513888889 0.6015480324074074 0.05131655092592591 0.08434606481481488
2 0.22195457175925926 0.6040509259259259 0.05350115740740741 0.09217303240740726
5 0.26589988425925926 0.6043764467592593 0.04557291666666663 0.08820891203703707
8 0.5685185185185184 0.602712673611111 0.0575810185185186 0.09806134259259247
1 0.6311342592592593 0.6070818865740741 0.03006365740740735 0.09199942129629646
9 0.6708043981481482 0.627879050925926 0.03269675925925908 0.049059606481481666
5 0.748292824074074 0.6069733796296297 0.05355902777777777 0.09412615740740726
6 0.8010850694444445 0.6093171296296296 0.053443287037036935 0.09021990740740726