1 0.19921875 0.3486328125 0.0634765625 0.287109375
0 0.4931640625 0.3544921875 0.1484375 0.30859375
0 0.3017578125 0.3505859375 0.1259765625 0.294921875
8 0.64453125 0.357421875 0.154296875 0.30859375
3 0.7470703125 0.455078125 0.052734375 0.1337890625
6 0.8115234375 0.4580078125 0.0576171875 0.126953125
1 0.08984375 0.580078125 0.0234375 0.080078125
0 0.125 0.5810546875 0.0439453125 0.0810546875
2 0.19921875 0.5869140625 0.046875 0.08984375
5 0.2431640625 0.5888671875 0.0380859375 0.0869140625
8 0.5458984375 0.6015625 0.0498046875 0.0947265625
1 0.607421875 0.6083984375 0.0234375 0.08984375
9 0.6455078125 0.630859375 0.029296875 0.0478515625
5 0.724609375 0.61328125 0.046875 0.091796875
6 0.77734375 0.6181640625 0.0458984375 0.087890625