1 0.05859375 0.486328125 0.068359375 0.9521484375
2 0.205078125 0.48828125 0.2001953125 0.9658203125
3 0.462890625 0.49609375 0.1875 0.9677734375
4 0.6708984375 0.4931640625 0.1943359375 0.94921875
7 0.8681640625 0.28515625 0.05078125 0.2373046875
6 0.9228515625 0.291015625 0.044921875 0.228515625
1 0.8154296875 0.8369140625 0.029296875 0.1962890625
0 0.8544921875 0.837890625 0.0390625 0.205078125
9 0.9765625 0.8408203125 0.04296875 0.2099609375
0 0.93359375 0.837890625 0.0341796875 0.2080078125
0 0.9765625 0.349609375 0.0263671875 0.11328125
5 0.86328125 0.5634765625 0.0419921875 0.1708984375