1 0.0578125 0.49453125 0.06796875 0.4203125
2 0.20546875 0.4953125 0.2 0.42578125
3 0.4625 0.4984375 0.1875 0.4265625
4 0.67109375 0.496875 0.19453125 0.41875
7 0.86796875 0.40546875 0.05078125 0.1046875
6 0.92265625 0.4078125 0.0453125 0.10078125
1 0.81484375 0.64921875 0.0296875 0.08671875
0 0.8546875 0.64921875 0.0390625 0.090625
9 0.9765625 0.65078125 0.04296875 0.09296875
0 0.93359375 0.64921875 0.034375 0.0921875
0 0.9765625 0.434375 0.02578125 0.05
5 0.86328125 0.528125 0.0421875 0.07578125