1 0.058186915887850466 0.4864406779661017 0.068 0.952542372881356
2 0.2050841121495327 0.488135593220339 0.20028037383177572 0.9661016949152542
3 0.46261682242990654 0.4957627118644068 0.18751401869158876 0.9677966101694916
4 0.6708224299065421 0.4932203389830509 0.19418691588785048 0.9491525423728814
7 0.8681869158878505 0.2847457627118644 0.05061682242990654 0.23728813559322035
6 0.922392523364486 0.2906779661016949 0.04536448598130841 0.2288135593220339
1 0.8151214953271028 0.8372881355932204 0.029700934579439252 0.1966101694915254
0 0.8543551401869158 0.838135593220339 0.0394018691588785 0.20508474576271185
9 0.9765981308411216 0.840677966101695 0.043102803738317756 0.21016949152542375
0 0.9332336448598131 0.838135593220339 0.03414953271028037 0.20847457627118646
0 0.9762242990654205 0.35 0.02592523364485981 0.1135593220338983
5 0.8633271028037383 0.5635593220338984 0.04239252336448598 0.1711864406779661