1 0.07570891203703704 0.53125 0.1514178240740741 0.9375
2 0.1974247685185185 0.5183376736111112 0.3307291666666667 0.9633246527777777
3 0.45546875 0.5158962673611112 0.3192708333333334 0.9682074652777777
4 0.6608940972222223 0.5190248842592593 0.3227430555555555 0.9619502314814814
7 0.8352792245370371 0.30432581018518523 0.08366608796296293 0.24811921296296302
6 0.8909577546296297 0.30747251157407407 0.07570891203703711 0.2377748842592593
1 0.842701099537037 0.8591941550925926 0.05568576388888902 0.203125
0 0.8808449074074074 0.8581090856481481 0.06754918981481484 0.21375868055555558
9 0.9786747685185185 0.8536241319444444 0.022685185185185253 0.21433738425925908
0 0.9591290509259259 0.8531539351851851 0.061718750000000044 0.21527777777777768
0 0.9507378472222222 0.3637152777777778 0.04076967592592595 0.11812789351851849
5 0.8604817708333333 0.5828631365740741 0.06507523148148153 0.17845775462962954