1 0.0869140625 0.45015190972222224 0.173828125 0.9003038194444445
2 0.1961299189814815 0.4761284722222222 0.377271412037037 0.9491319444444444
3 0.4483362268518518 0.5065538194444444 0.36504629629629637 0.9868923611111111
4 0.6545862268518519 0.5286892361111111 0.36843171296296284 0.9426215277777779
7 0.8872178819444445 0.38559027777777777 0.09506655092592586 0.24609375
6 0.9395471643518518 0.4016059027777778 0.08696469907407423 0.23598090277777783
1 0.7326605902777777 0.9073025173611111 0.06644965277777781 0.18539496527777777
0 0.7705150462962963 0.9095052083333333 0.07650462962962967 0.18098958333333348
9 0.890285011574074 0.9208984375 0.0820167824074074 0.158203125
0 0.8484085648148147 0.9161675347222222 0.07248263888888884 0.16766493055555554
0 0.9737413194444444 0.4686414930555555 0.030758101851851904 0.11644965277777775
5 0.8302879050925926 0.6568576388888889 0.07356770833333348 0.17881944444444442