1 0.04453125 0.49375 0.08515625 0.42890625
2 0.20390625 0.49375 0.20625 0.42890625
3 0.46875 0.49609375 0.19296875 0.4328125
4 0.68359375 0.49296875 0.20078125 0.4265625
7 0.8890625 0.39609375 0.05234375 0.1078125
6 0.9453125 0.3984375 0.046875 0.10390625
1 0.821875 0.65234375 0.0546875 0.09921875
0 0.875 0.64765625 0.040625 0.09375
9 0.98828125 0.6484375 0.0234375 0.096875
0 0.95625 0.64765625 0.03515625 0.0953125
0 0.99296875 0.42578125 0.01328125 0.05234375
5 0.88359375 0.52265625 0.04375 0.078125