1 0.51484375 0.403125 0.08359375 0.1375
1 0.609375 0.40078125 0.09765625 0.140625
8 0.71015625 0.40234375 0.090625 0.15078125
8 0.70390625 0.56796875 0.09375 0.13671875
7 0.60234375 0.56015625 0.08671875 0.13671875
7 0.63515625 0.7046875 0.065625 0.10234375
0 0.70703125 0.70390625 0.06953125 0.10390625
1 0.1359375 0.4609375 0.06875 0.1109375
2 0.2109375 0.46015625 0.071875 0.11796875
3 0.290625 0.4625 0.071875 0.115625
8 0.28515625 0.590625 0.0765625 0.11484375
7 0.20859375 0.58828125 0.07265625 0.10859375
7 0.23046875 0.70078125 0.05859375 0.08515625
3 0.29140625 0.703125 0.05234375 0.0828125