1 0.41171875 0.21640625 0.18359375 0.32578125
4 0.6109375 0.21640625 0.19375 0.32265625
2 0.82265625 0.209375 0.2015625 0.315625
8 0.596875 0.56484375 0.20703125 0.32109375
8 0.828125 0.55703125 0.2015625 0.33203125
0 0.16796875 0.39609375 0.0796875 0.146875
1 0.2546875 0.39453125 0.09296875 0.146875
8 0.2203125 0.87421875 0.1734375 0.24609375
9 0.3921875 0.87109375 0.16171875 0.24296875
5 0.6390625 0.8296875 0.06796875 0.1125
2 0.78515625 0.83046875 0.07421875 0.1203125
5 0.86640625 0.83046875 0.07890625 0.1140625