1 0.446875 0.296875 0.11328125 0.20546875
1 0.58359375 0.296875 0.13515625 0.20234375
8 0.73203125 0.2859375 0.15625 0.21796875
1 0.45703125 0.1140625 0.053125 0.08828125
0 0.51953125 0.11796875 0.05859375 0.09375
3 0.6203125 0.115625 0.06953125 0.0953125
7 0.68984375 0.115625 0.06875 0.0953125
2 0.31953125 0.72421875 0.05703125 0.08515625
8 0.37734375 0.72421875 0.05 0.08515625
7 0.675 0.709375 0.07265625 0.12578125
6 0.7609375 0.7109375 0.08203125 0.12578125
7 0.5875 0.5140625 0.12109375 0.20703125
0 0.72890625 0.51875 0.15078125 0.221875