1 0.41796875 0.2359375 0.1265625 0.23046875
1 0.571875 0.2359375 0.1515625 0.22734375
8 0.73828125 0.22421875 0.175 0.24453125
1 0.42734375 0.0390625 0.05859375 0.07734375
0 0.49765625 0.04375 0.06328125 0.0875
3 0.61171875 0.04140625 0.07734375 0.0828125
7 0.68984375 0.04140625 0.07734375 0.0828125
2 0.27578125 0.71484375 0.0640625 0.0953125
8 0.340625 0.71484375 0.05625 0.0953125
7 0.67421875 0.6984375 0.08125 0.140625
6 0.7703125 0.7 0.0921875 0.140625
7 0.5765625 0.47890625 0.1359375 0.23203125
0 0.73515625 0.484375 0.16875 0.24921875