1 0.40390625 0.24140625 0.1734375 0.3078125
4 0.59140625 0.24140625 0.1828125 0.3046875
2 0.790625 0.23515625 0.18984375 0.29765625
8 0.578125 0.57109375 0.1953125 0.303125
8 0.79609375 0.56328125 0.18984375 0.31328125
0 0.1734375 0.41171875 0.07578125 0.13828125
1 0.2546875 0.41015625 0.08828125 0.13828125
8 0.22265625 0.8625 0.16328125 0.23203125
9 0.38515625 0.859375 0.15234375 0.22890625
5 0.6171875 0.8203125 0.0640625 0.10625
2 0.75625 0.82109375 0.06953125 0.11328125
5 0.83203125 0.82109375 0.07421875 0.1078125