1 0.5515625 0.396875 0.08984375 0.1484375
1 0.653125 0.39453125 0.10546875 0.1515625
8 0.7625 0.396875 0.09765625 0.1625
8 0.7546875 0.57421875 0.10078125 0.14765625
7 0.64609375 0.56640625 0.09375 0.14765625
7 0.68125 0.721875 0.07109375 0.11015625
0 0.75859375 0.72109375 0.075 0.11171875
1 0.14296875 0.459375 0.07421875 0.11953125
2 0.22421875 0.45859375 0.07734375 0.1265625
3 0.31015625 0.4609375 0.07734375 0.12421875
8 0.30390625 0.59921875 0.0828125 0.1234375
7 0.22109375 0.596875 0.078125 0.11640625
7 0.2453125 0.7171875 0.06328125 0.09140625
3 0.3109375 0.7203125 0.05703125 0.0890625