9 0.5890625 0.3578125 0.08359375 0.16171875
0 0.48046875 0.353125 0.08515625 0.159375
0 0.27578125 0.35078125 0.08125 0.15625
0 0.80078125 0.35390625 0.08671875 0.16015625
8 0.79765625 0.56015625 0.0875 0.1578125
1 0.371875 0.35703125 0.09140625 0.1421875
0 0.13046875 0.378125 0.04765625 0.084375
8 0.078125 0.37890625 0.05390625 0.09765625
1 0.028125 0.3828125 0.05078125 0.09296875
1 0.69609375 0.359375 0.096875 0.1625
4 0.590625 0.5671875 0.09921875 0.15859375
3 0.69609375 0.56640625 0.096875 0.16953125