5 0.78203125 0.3421875 0.1390625 0.23515625
1 0.63515625 0.34140625 0.140625 0.22109375
1 0.4875 0.33828125 0.13359375 0.2171875
3 0.78984375 0.59765625 0.14453125 0.25625
6 0.6078125 0.59296875 0.1734375 0.259375
6 0.63671875 0.85546875 0.159375 0.25625
0 0.7921875 0.8625 0.16171875 0.259375
1 0.4262620845317359 0.21689497716894976 0.513031535388128 0.22402968036529675 0.5275508589348366 0.08704337899543382 0.4521858946917809 0.07990867579908675 0.44908772383384327 0.08133561643835616 0.4262620845317359 0.21689497716894976
3 0.55546875 0.15234375 0.06640625 0.13984375
0 0.67265625 0.15859375 0.08359375 0.1515625
4 0.7703125 0.15703125 0.10546875 0.128125