5 0.79765625 0.321875 0.14375 0.24453125
1 0.6453125 0.32109375 0.14609375 0.2296875
1 0.4921875 0.31796875 0.13828125 0.22578125
3 0.80625 0.5875 0.15 0.265625
6 0.6171875 0.5828125 0.18046875 0.26875
6 0.646875 0.8546875 0.16484375 0.265625
0 0.80859375 0.86171875 0.16796875 0.26875
1 0.533758628539866 0.05743043220840738 0.4555825377442274 0.050029603315571346 0.45236880456299194 0.051509769094138534 0.42869176486062843 0.19212551805802247 0.5186977316459445 0.19952634695085844 0.533758628539866 0.05743043220840738
3 0.5625 0.12578125 0.06953125 0.1453125
0 0.684375 0.13125 0.08671875 0.15703125
4 0.78515625 0.1296875 0.109375 0.13359375