1 0.4125 0.35859375 0.08046875 0.1265625
0 0.5015625 0.35625 0.0921875 0.11875
3 0.5953125 0.3671875 0.08828125 0.13203125
7 0.4953125 0.4875 0.08359375 0.12421875
1 0.58515625 0.4953125 0.08203125 0.11328125
3 0.58671875 0.6296875 0.059375 0.10546875
8 0.52109375 0.62265625 0.071875 0.11171875
2 0.38984375 0.60078125 0.03046875 0.053125
1 0.359375 0.60234375 0.03671875 0.0421875
2 0.54296875 0.27265625 0.03359375 0.05703125
2 0.58515625 0.275 0.03203125 0.05859375
4 0.61796875 0.28046875 0.04453125 0.04453125