1 0.4609375 0.29765625 0.07578125 0.10703125
4 0.5515625 0.30703125 0.075 0.1140625
1 0.38671875 0.29140625 0.07578125 0.11328125
6 0.4578125 0.42421875 0.08046875 0.134375
1 0.540625 0.42109375 0.07109375 0.11328125
5 0.47734375 0.54140625 0.05546875 0.10078125
7 0.53203125 0.54453125 0.0609375 0.08671875
0 0.50703125 0.22421875 0.040625 0.053125
3 0.5484375 0.225 0.028125 0.065625
6 0.57578125 0.2265625 0.03359375 0.05234375
8 0.35625 0.51640625 0.02734375 0.05859375
2 0.3265625 0.51015625 0.028125 0.05859375