1 0.5015625 0.35859375 0.12421875 0.17890625
1 0.35703125 0.3609375 0.11875 0.1953125
2 0.634375 0.3625 0.134375 0.184375
7 0.503125 0.56953125 0.1140625 0.20625
7 0.65390625 0.5796875 0.12890625 0.20703125
3 0.553125 0.21875 0.05234375 0.08359375
0 0.625 0.22265625 0.04453125 0.09140625
8 0.67734375 0.221875 0.05390625 0.09765625
7 0.55859375 0.784375 0.11328125 0.1796875
8 0.6578125 0.78515625 0.09765625 0.1734375
7 0.34453125 0.7609375 0.04765625 0.07421875
1 0.3078125 0.75859375 0.05 0.0796875