1 0.35 0.2953125 0.09140625 0.1015625
1 0.43046875 0.29296875 0.08515625 0.10390625
1 0.51328125 0.42265625 0.0796875 0.0921875
1 0.4734375 0.21875 0.028125 0.04140625
1 0.54296875 0.21796875 0.0328125 0.0390625
6 0.43515625 0.41796875 0.06796875 0.11015625
4 0.521875 0.29765625 0.08984375 0.10234375
7 0.53125 0.53203125 0.06328125 0.0984375
5 0.47421875 0.5390625 0.06328125 0.0921875
8 0.3515625 0.53359375 0.0328125 0.03515625
0 0.51328125 0.21875 0.02421875 0.04453125
2 0.32265625 0.53125 0.028125 0.04921875