3 0.54765625 0.36484375 0.05703125 0.1375
0 0.47734375 0.37421875 0.06171875 0.10078125
1 0.41328125 0.39296875 0.0609375 0.1140625
1 0.5796875 0.44921875 0.0765625 0.10625
7 0.50859375 0.47109375 0.07109375 0.10625
3 0.62265625 0.5546875 0.04609375 0.12578125
8 0.57734375 0.565625 0.05234375 0.11875
2 0.484375 0.30234375 0.02421875 0.05
2 0.5140625 0.28984375 0.0265625 0.05078125
4 0.5390625 0.28046875 0.02265625 0.0421875
2 0.4665271966527197 0.5640690376569037 0.4565368396966528 0.5679916317991631 0.4639121338912136 0.6150627615062763 0.4887552301255232 0.6006799163179916 0.4863781575575274 0.5627615062761507 0.4665271966527197 0.5640690376569037
1 0.4589265061060651 0.5719142259414226 0.439538931746862 0.575836820083682 0.4442991631799165 0.6046025104602512 0.44822175732217584 0.6216004184100419 0.4639121338912135 0.6163702928870293 0.4589265061060651 0.5719142259414226