2 0.66484375 0.3140625 0.19140625 0.3328125
7 0.88828125 0.6828125 0.175 0.35390625
2 0.0796875 0.19453125 0.06171875 0.096875
8 0.66484375 0.68671875 0.21328125 0.3625
0 0.13984375 0.19453125 0.0578125 0.096875
0 0.27265625 0.39453125 0.10390625 0.16875
5 0.23046875 0.19296875 0.05546875 0.09453125
6 0.13984375 0.7875 0.10859375 0.1625
5 0.15390625 0.4 0.0984375 0.1734375
1 0.46953125 0.3140625 0.1890625 0.3078125
3 0.8875 0.31015625 0.18359375 0.33046875
7 0.29765625 0.19140625 0.053125 0.0921875
5 0.2578125 0.790625 0.0984375 0.16796875