0 0.6921875 0.68984375 0.190625 0.34140625
5 0.21796875 0.4015625 0.08984375 0.1546875
4 0.70078125 0.32109375 0.17421875 0.28203125
5 0.90234375 0.696875 0.18359375 0.3421875
2 0.31875 0.40859375 0.08984375 0.15234375
0 0.19921875 0.215625 0.0546875 0.0890625
1 0.5109375 0.32421875 0.16875 0.2921875
2 0.13671875 0.21484375 0.0578125 0.08984375
2 0.3015625 0.784375 0.096875 0.1515625
3 0.90625 0.32734375 0.1671875 0.32109375
1 0.5015625 0.69375 0.1765625 0.309375
1 0.203125 0.78828125 0.0859375 0.13359375
1 0.08984375 0.78203125 0.1015625 0.1375
4 0.28125 0.2140625 0.05703125 0.084375
4 0.3453125 0.215625 0.0515625 0.08203125