4 0.534375 0.30703125 0.06875 0.10625
1 0.4515625 0.30703125 0.06796875 0.096875
1 0.37578125 0.30234375 0.06171875 0.1015625
6 0.4421875 0.42421875 0.07578125 0.11484375
1 0.52890625 0.4234375 0.059375 0.1
5 0.47578125 0.53828125 0.05546875 0.08828125
7 0.5359375 0.54453125 0.0609375 0.0921875
8 0.35390625 0.52890625 0.03359375 0.0484375
2 0.3296875 0.528125 0.025 0.0421875
1 0.4890625 0.22578125 0.02578125 0.059375
1 0.55859375 0.23203125 0.02578125 0.05703125
0 0.525 0.22734375 0.02578125 0.06328125