1 0.7045214938961123 0.1982367758186398 0.6577455919395465 0.1894206549118388 0.6426322418136019 0.2146095717884131 0.6187027707808566 0.25239294710327453 0.6705245152579866 0.272544080604534 0.7045214938961123 0.1982367758186398
0 0.7737745985293318 0.2083123425692696 0.7199110516372798 0.19193954659949622 0.7131612090680101 0.21712846347607057 0.6931891676834037 0.2788413098236776 0.7421284634760708 0.298992443324937 0.7737745985293318 0.2083123425692696
1 0.8354728190207453 0.22594458438287157 0.7828833438287155 0.21335012594458438 0.767317380352645 0.23098236775818642 0.7496851385390428 0.290176322418136 0.803994135096555 0.3128463476070529 0.8354728190207453 0.22594458438287157
1 0.46379093198992455 0.4123425692695214 0.5282381775388947 0.2486146095717884 0.3957808564231739 0.20453400503778338 0.3844458438287155 0.2397984886649874 0.3693324937027709 0.28765743073047856 0.34288413098236786 0.3632241813602015 0.46379093198992455 0.4123425692695214
1 0.6705245152579866 0.2876574307304786 0.5876692380352646 0.25113350125944583 0.5494332493702772 0.24483627204030234 0.4726070528967254 0.42367758186397986 0.5987531159108319 0.4727959697732997 0.6705245152579866 0.2876574307304786
1 0.8065124298104905 0.32292191435768264 0.7236893891687658 0.298992443324937 0.6816750629722922 0.29647355163727956 0.6199622166246852 0.4664987405541562 0.7485916513899793 0.5068010075566751 0.8065124298104905 0.32292191435768264
5 0.4667624370277079 0.4413098236775818 0.3897346546542058 0.6251889168765743 0.5257225692067093 0.670528967254408 0.5861616423411554 0.48161209068010075 0.4667624370277079 0.4413098236775818
7 0.7309635883924326 0.5370277078085643 0.6040420340050379 0.4916876574307305 0.5872166246851387 0.5534005037783376 0.5534238110599972 0.6617128463476072 0.6743019573288893 0.7095717884130983 0.7309635883924326 0.5370277078085643
5 0.47431911209068023 0.6743073047858942 0.4186950438644613 0.8241813602015113 0.520685979778839 0.8632241813602015 0.5748293161284467 0.7146095717884131 0.47431911209068023 0.6743073047858942
9 0.6138628841944433 0.8984886649874056 0.6717836626149539 0.7561712846347608 0.564221202346977 0.7122870999068673 0.5106128009230979 0.8581863979848865 0.6138628841944433 0.8984886649874056
7 0.33810931453167203 0.6617128463476072 0.2891805730478591 0.6465994962216625 0.2811712846347607 0.6793450881612091 0.27389279932632293 0.710831234256927 0.3104080726783841 0.7234256926952141 0.33810931453167203 0.6617128463476072
2 0.24338790931989934 0.6302267002518891 0.22856349447548857 0.7020151133501259 0.2688562098984525 0.7133501259445845 0.2887279596977331 0.6503778337531487 0.24338790931989934 0.6302267002518891