1 0.44609375 0.28828125 0.20234375 0.32578125
1 0.03046875 0.15859375 0.0609375 0.0671875
1 0.128125 0.359375 0.1109375 0.18671875
1 0.24765625 0.3640625 0.1109375 0.17734375
1 0.4484375 0.6828125 0.19375 0.36953125
0 0.66796875 0.68515625 0.21796875 0.3796875
3 0.67265625 0.29375 0.20625 0.3375
4 0.884375 0.290625 0.19765625 0.33125
4 0.896875 0.684375 0.20390625 0.3625
0 0.0953125 0.1609375 0.0625 0.07265625
6 0.26171875 0.159375 0.0671875 0.06953125
8 0.12109375 0.7859375 0.11328125 0.17734375
1 0.24140625 0.7890625 0.11171875 0.17265625