9 0.76171875 0.51796875 0.14375 0.23203125
1 0.61484375 0.540625 0.13359375 0.2078125
1 0.45078125 0.56796875 0.18515625 0.21796875
6 0.81796875 0.76015625 0.1484375 0.23203125
9 0.6734375 0.78125 0.1515625 0.24453125
4 0.703125 0.29921875 0.14609375 0.1859375
0 0.5578125 0.325 0.14765625 0.2171875
2 0.39453125 0.34375 0.17734375 0.22890625
1 0.37109375 0.18359375 0.10078125 0.1453125
0 0.4515625 0.18046875 0.075 0.1421875
4 0.57109375 0.15859375 0.09296875 0.15703125
8 0.653125 0.146875 0.09609375 0.14375