7 0.46796875 0.4015625 0.09453125 0.15703125
8 0.58046875 0.40234375 0.10859375 0.18359375
6 0.5046875 0.5734375 0.08359375 0.140625
7 0.590625 0.57890625 0.08203125 0.13046875
1 0.3578125 0.23359375 0.1046875 0.1390625
2 0.46875 0.2375 0.10703125 0.14609375
7 0.5890625 0.2390625 0.0921875 0.14609375
3 0.5234375 0.13046875 0.03828125 0.059375
0 0.57578125 0.12734375 0.034375 0.05703125
8 0.615625 0.12734375 0.04609375 0.0703125
1 0.28125 0.5609375 0.040625 0.07421875
6 0.31328125 0.5609375 0.0359375 0.07109375