3 0.6734375 0.30234375 0.18046875 0.35234375
3 0.8765625 0.303125 0.1875 0.35625
2 0.1609375 0.3984375 0.0984375 0.17578125
8 0.159375 0.790625 0.1125 0.16328125
4 0.27578125 0.79296875 0.103125 0.1484375
7 0.2765625 0.3890625 0.07890625 0.1640625
8 0.67109375 0.68671875 0.21328125 0.36328125
0 0.1265625 0.18046875 0.06015625 0.10625
3 0.8859375 0.6890625 0.1875 0.3640625
1 0.46796875 0.30078125 0.1734375 0.309375
1 0.0671875 0.17890625 0.06171875 0.10078125
2 0.28203125 0.18203125 0.0640625 0.10390625