1 0.4078125 0.34453125 0.0875 0.12421875
0 0.50390625 0.35 0.090625 0.13359375
8 0.5921875 0.353125 0.0953125 0.1203125
7 0.49765625 0.478125 0.08203125 0.11796875
1 0.58828125 0.49140625 0.0875 0.11640625
7 0.52890625 0.6171875 0.0625 0.1015625
6 0.5890625 0.6140625 0.06171875 0.12421875
1 0.36328125 0.59765625 0.0265625 0.046875
1 0.39140625 0.6015625 0.0328125 0.04921875
2 0.54375 0.2609375 0.040625 0.0546875
2 0.59453125 0.26171875 0.02890625 0.053125
4 0.62734375 0.2609375 0.0390625 0.059375