1 0.396875 0.384375 0.0875 0.1359375
0 0.4921875 0.3828125 0.09921875 0.128125
3 0.59296875 0.39375 0.0953125 0.14296875
7 0.48515625 0.5234375 0.090625 0.13359375
1 0.5828125 0.53203125 0.08828125 0.121875
3 0.584375 0.67734375 0.0640625 0.1140625
8 0.51328125 0.66953125 0.07734375 0.1203125
2 0.371875 0.64609375 0.03359375 0.0578125
1 0.3390625 0.6484375 0.03984375 0.0453125
2 0.53671875 0.2921875 0.0359375 0.06171875
2 0.5828125 0.29453125 0.034375 0.0625
4 0.61796875 0.30078125 0.0484375 0.0484375