9 0.77109375 0.51796875 0.14609375 0.23515625
1 0.62265625 0.54140625 0.1359375 0.2109375
1 0.45625 0.56875 0.18828125 0.22109375
6 0.82890625 0.7640625 0.15078125 0.2359375
9 0.68203125 0.7859375 0.15390625 0.2484375
4 0.7125 0.2953125 0.1484375 0.18828125
0 0.5640625 0.321875 0.15 0.22109375
2 0.3984375 0.340625 0.18046875 0.23203125
1 0.375 0.17890625 0.10234375 0.14765625
0 0.45625 0.175 0.07578125 0.14453125
4 0.578125 0.153125 0.09453125 0.159375
8 0.6609375 0.14140625 0.09765625 0.14609375