1 0.35703125 0.30390625 0.0890625 0.09921875
1 0.4359375 0.3015625 0.0828125 0.1015625
1 0.51640625 0.428125 0.078125 0.090625
1 0.47734375 0.22890625 0.02734375 0.040625
1 0.5453125 0.22734375 0.03203125 0.03828125
6 0.43984375 0.4234375 0.0671875 0.1078125
4 0.525 0.30546875 0.08828125 0.10078125
7 0.534375 0.5359375 0.06171875 0.096875
5 0.478125 0.5421875 0.06171875 0.090625
8 0.3578125 0.53671875 0.03203125 0.034375
0 0.51640625 0.22890625 0.0234375 0.04375
2 0.3296875 0.53515625 0.02734375 0.0484375