3 0.7015625 0.29765625 0.19140625 0.346875
3 0.909375 0.3 0.18125 0.35234375
2 0.1578125 0.38828125 0.1046875 0.18671875
8 0.15625 0.79609375 0.11953125 0.1578125
4 0.27890625 0.80234375 0.109375 0.14609375
7 0.28125 0.378125 0.08359375 0.17421875
8 0.7 0.68828125 0.22734375 0.3734375
0 0.1203125 0.16796875 0.06484375 0.08828125
3 0.9140625 0.6890625 0.17109375 0.371875
1 0.484375 0.2859375 0.184375 0.32421875
1 0.0578125 0.16640625 0.06640625 0.084375
2 0.28671875 0.16796875 0.06796875 0.08828125