3 0.5453125 0.37890625 0.05390625 0.13046875
0 0.47890625 0.38828125 0.05859375 0.09609375
1 0.41796875 0.40546875 0.0578125 0.1078125
1 0.57578125 0.45859375 0.07265625 0.10078125
7 0.50859375 0.4796875 0.0671875 0.10078125
3 0.61640625 0.559375 0.04375 0.11875
8 0.57421875 0.56953125 0.04921875 0.1125
2 0.4859375 0.3203125 0.0234375 0.046875
2 0.51328125 0.3078125 0.025 0.0484375
4 0.5375 0.29921875 0.02109375 0.03984375
2 0.48958333333333337 0.6026785714285714 0.48732888752479786 0.56671626984127 0.4685019841269841 0.5679563492063492 0.4590270027281747 0.5716765873015872 0.4660218253968257 0.6163194444444445 0.48958333333333337 0.6026785714285714
1 0.45114087301587313 0.6225198412698412 0.46602182539682546 0.6175595238095238 0.46129339269583153 0.5753968253968254 0.44290597098214296 0.5791170634920635 0.44742063492063516 0.6063988095238095 0.45114087301587313 0.6225198412698412