1 0.51484375 0.34453125 0.09453125 0.1234375
0 0.4203125 0.32890625 0.075 0.16640625
1 0.31484375 0.34453125 0.103125 0.14296875
7 0.42109375 0.49375 0.075 0.13828125
5 0.5171875 0.496875 0.08359375 0.13671875
1 0.39453125 0.640625 0.0859375 0.11171875
1 0.53359375 0.63828125 0.0640625 0.12421875
0 0.46640625 0.63828125 0.06484375 0.1171875
3 0.3046875 0.62578125 0.04296875 0.05859375
2 0.46171875 0.246875 0.03203125 0.059375
2 0.5125 0.2484375 0.028125 0.065625
0 0.5421875 0.24609375 0.034375 0.06328125