9 0.13671875 0.790625 0.1109375 0.16796875
3 0.20703125 0.19296875 0.053125 0.096875
2 0.26875 0.190625 0.05703125 0.09453125
3 0.89921875 0.67578125 0.18359375 0.36484375
2 0.04765625 0.190625 0.05859375 0.09453125
5 0.25625 0.790625 0.096875 0.16796875
1 0.47109375 0.30625 0.1484375 0.3171875
3 0.66484375 0.30078125 0.171875 0.33203125
1 0.48125 0.69296875 0.14765625 0.33828125
1 0.7015625 0.68671875 0.15 0.33671875
1 0.1171875 0.18984375 0.05234375 0.0921875
8 0.86953125 0.29921875 0.196875 0.34609375