2 0.35441468253968267 0.3546626984126985 0.3940972222222222 0.482390873015873 0.4561011904761905 0.45262896825396826 0.45238095238095244 0.4241071428571429 0.41664957664530144 0.31828703717137896 0.35441468253968267 0.3546626984126985
4 0.49598534352361756 0.2951388888888889 0.4798681324390193 0.24553571428571427 0.45011328120591526 0.25297619047619047 0.4491063678075397 0.25297619047619047 0.4674702777585594 0.3100198412698413 0.49598534352361756 0.2951388888888889
8 0.4315164991852255 0.3249007936507936 0.4067207898243055 0.27157738095238093 0.38440465139947755 0.2777777777777778 0.3846222408234128 0.2790178571428571 0.3980422915479835 0.3360615079365079 0.4315164991852255 0.3249007936507936
1 0.37450840993261164 0.34474206349206354 0.4005439047615777 0.33606150793650796 0.38442669367697957 0.28769841269841273 0.3660210503472223 0.29637896825396826 0.36582991165628964 0.29761904761904767 0.37450840993261164 0.34474206349206354
1 0.45165522685859794 0.3112294501727092 0.47740854650119624 0.4216269841269841 0.5319591070952202 0.39806547619047616 0.49352575758579426 0.2926587301587301 0.45165522685859794 0.3112294501727092
1 0.3320932539682539 0.4935515873015873 0.3841765873015873 0.4637896825396826 0.34945436507936506 0.35962301587301587 0.2837301587301589 0.386904761904762 0.3320932539682539 0.4935515873015873
3 0.43625992063492075 0.3149801587301588 0.4598214285714287 0.3038194444444445 0.44866071428571425 0.26041666666666663 0.42137896825396837 0.27033730158730157 0.43625992063492075 0.3149801587301588
8 0.447420634920635 0.5977182539682541 0.5230654761904763 0.5642361111111112 0.46974206349206343 0.45634920634920634 0.4040178571428571 0.47991071428571425 0.447420634920635 0.5977182539682541
8 0.5243055555555556 0.6795634920634922 0.5962301587301588 0.6522817460317459 0.5627480158730158 0.570436507936508 0.49330357142857134 0.5902777777777778 0.5243055555555556 0.6795634920634922
0 0.525545634920635 0.5592757936507937 0.5949900793650793 0.523313492063492 0.5553075396825397 0.4191468253968254 0.4747023809523811 0.45138888888888884 0.525545634920635 0.5592757936507937
0 0.5838293650793649 0.6535218253968255 0.6483134920634922 0.6299603174603174 0.61359126984127 0.5481150793650793 0.5553075396825397 0.5691964285714286 0.5838293650793649 0.6535218253968255