1 0.384375 0.32109375 0.07578125 0.12421875
4 0.54921875 0.3265625 0.0640625 0.1390625
2 0.465625 0.309375 0.0703125 0.11484375
5 0.45390625 0.44140625 0.08046875 0.12734375
8 0.53984375 0.44609375 0.07734375 0.1125
5 0.48671875 0.56875 0.0578125 0.10703125
8 0.54140625 0.5734375 0.0546875 0.1
4 0.50703125 0.2328125 0.028125 0.04453125
2 0.54609375 0.2359375 0.0234375 0.05078125
2 0.57578125 0.2359375 0.03125 0.04921875
5 0.359375 0.54609375 0.03203125 0.05546875
2 0.33125 0.53984375 0.02734375 0.065625