8 0.5484375 0.8328125 0.1625 0.23828125
4 0.6875 0.85703125 0.1328125 0.21171875
1 0.48828125 0.34609375 0.17265625 0.2046875
3 0.63125 0.353125 0.14609375 0.23125
9 0.77109375 0.37265625 0.15625 0.24140625
8 0.57109375 0.59375 0.17890625 0.2390625
8 0.7140625 0.61171875 0.16953125 0.24453125
2 0.5183468999400287 0.10510996119016817 0.45367917669085056 0.22153945666235447 0.5442139892396999 0.23932729624838295 0.5830146231892068 0.11642949547218628 0.5183468999400287 0.10510996119016817
2 0.581705813389392 0.10187580853816305 0.540980603077241 0.24094437257438553 0.6040316332451898 0.2538809831824062 0.6476823464383853 0.1196636481241915 0.581705813389392 0.10187580853816305
1 0.7673176344493651 0.1342173350582148 0.6830004851228979 0.11804657179818896 0.6668297218628721 0.16332470892626136 0.6393394243208281 0.24256144890038808 0.7269003074186284 0.258732212160414 0.7673176344493651 0.1342173350582148
6 0.838452130023461 0.13098318240620968 0.760850862124447 0.12289780077619661 0.7557689197930144 0.14553686934023294 0.7155834558500225 0.2522639068564037 0.8061182683988719 0.2668175937904269 0.838452130023461 0.13098318240620968