1 0.39609375 0.34453125 0.08125 0.134375
4 0.5734375 0.35 0.06875 0.15
2 0.4828125 0.33125 0.0765625 0.1234375
5 0.4703125 0.47421875 0.08671875 0.13671875
8 0.56328125 0.4796875 0.08359375 0.12109375
5 0.50546875 0.61171875 0.0625 0.11484375
8 0.56484375 0.61640625 0.059375 0.1078125
4 0.52734375 0.24921875 0.03046875 0.0484375
2 0.5703125 0.25234375 0.025 0.0546875
2 0.60234375 0.25234375 0.03359375 0.053125
5 0.36875 0.58671875 0.034375 0.06015625
2 0.33828125 0.58046875 0.02890625 0.07109375