1 0.478125 0.31875 0.153125 0.32734375
1 0.48125 0.68671875 0.14453125 0.325
1 0.17421875 0.396875 0.08984375 0.171875
1 0.0875 0.1890625 0.053125 0.10390625
6 0.27421875 0.3921875 0.09609375 0.171875
0 0.1453125 0.1890625 0.05390625 0.1109375
0 0.659375 0.68515625 0.1875 0.35234375
4 0.29609375 0.18984375 0.06796875 0.0953125
8 0.165625 0.77890625 0.10390625 0.159375
3 0.2796875 0.78359375 0.0953125 0.16796875
2 0.65546875 0.3125 0.19296875 0.3453125
9 0.8578125 0.315625 0.17734375 0.33828125
5 0.859375 0.68984375 0.184375 0.35234375