9 0.51875 0.4671875 0.0578125 0.115625
8 0.66953125 0.62421875 0.0609375 0.1203125
4 0.5984375 0.62265625 0.06015625 0.1078125
0 0.590625 0.47734375 0.0578125 0.1109375
0 0.2875 0.465625 0.0609375 0.11171875
1 0.5171875 0.6203125 0.0671875 0.10546875
0 0.43828125 0.4734375 0.06015625 0.10078125
6 0.6703125 0.47109375 0.05703125 0.1125
1 0.3640625 0.471875 0.05078125 0.10078125
1 0.096875 0.48203125 0.0390625 0.0625
8 0.13828125 0.48046875 0.0359375 0.065625
0 0.18359375 0.48359375 0.0375 0.06796875