0 0.6828125 0.6703125 0.17578125 0.31953125
7 0.8875 0.66328125 0.15390625 0.3046875
2 0.29140625 0.23828125 0.05078125 0.084375
2 0.8640625 0.3375 0.171875 0.29453125
0 0.22578125 0.7671875 0.08828125 0.14453125
6 0.346875 0.23828125 0.05 0.08515625
9 0.215625 0.240625 0.04765625 0.08359375
2 0.328125 0.7640625 0.0890625 0.14140625
6 0.33359375 0.41953125 0.0875 0.1484375
1 0.50390625 0.67734375 0.16640625 0.29921875
3 0.68671875 0.3390625 0.15703125 0.290625
1 0.5 0.3390625 0.171875 0.278125
1 0.1265625 0.76875 0.09453125 0.128125
5 0.2390625 0.42109375 0.08046875 0.146875