2 0.23046875 0.1859375 0.05703125 0.096875
0 0.6671875 0.684375 0.21328125 0.3734375
4 0.89609375 0.6734375 0.19453125 0.32421875
5 0.66953125 0.3 0.1859375 0.34765625
8 0.29453125 0.18671875 0.053125 0.09921875
4 0.1734375 0.3921875 0.09765625 0.16015625
1 0.4765625 0.29140625 0.16953125 0.30234375
7 0.28359375 0.38828125 0.09140625 0.16796875
1 0.46796875 0.67421875 0.190625 0.31875
8 0.8734375 0.296875 0.19921875 0.34296875
9 0.1390625 0.190625 0.053125 0.0984375
1 0.1578125 0.790625 0.09609375 0.15234375
1 0.27265625 0.7921875 0.0984375 0.1609375
1 0.05703125 0.79453125 0.07421875 0.16015625