1 0.6222718253968256 0.2542162698412698 0.673296707731698 0.27405753968253965 0.70677091536894 0.20089285714285712 0.6607142857142856 0.19221230158730157 0.6458333333333333 0.2170138888888889 0.6222718253968256 0.2542162698412698
0 0.6956128461565259 0.2802579365079365 0.7437996031746034 0.30009920634920634 0.7749591161114701 0.2108134920634921 0.7219238281250001 0.1946924603174603 0.7152777777777778 0.21949404761904767 0.6956128461565259 0.2802579365079365
1 0.7512400793650793 0.2914186507936508 0.8047139673445743 0.31374007936507936 0.835708604045724 0.2281746031746032 0.7839277963789684 0.21577380952380948 0.7686011904761905 0.2331349206349206 0.7512400793650793 0.2914186507936508
1 0.3767361111111112 0.28893849206349204 0.35069444444444453 0.36334325396825395 0.4697420634920636 0.4117063492063492 0.5331983047691994 0.25049603174603174 0.40277777777777785 0.20709325396825395 0.3916170634920636 0.2418154761904762 0.3767361111111112 0.28893849206349204
1 0.47842261904761896 0.42286706349206343 0.6026289360530761 0.4712301587301587 0.673296707731698 0.2889384920634921 0.5917154947916667 0.25297619047619047 0.5540674603174603 0.24677579365079366 0.47842261904761896 0.42286706349206343
1 0.6235119047619048 0.465029761904762 0.75016340675055 0.5047123015873016 0.8071935382806664 0.3236607142857143 0.7256440662202381 0.30009920634920634 0.6842757936507936 0.29761904761904756 0.6235119047619048 0.465029761904762
5 0.5307213789064077 0.665922619047619 0.5902310813726158 0.47991071428571425 0.4726678757440477 0.4402281746031746 0.39682454835743974 0.6212797619047619 0.5307213789064077 0.665922619047619
7 0.5579966592034198 0.6572420634920635 0.6770160641358359 0.7043650793650794 0.7328064101979062 0.5344742063492064 0.6078365265376985 0.4898313492063492 0.5912698412698415 0.5505952380952381 0.5579966592034198 0.6572420634920635
5 0.5257622370342239 0.8556547619047619 0.5790730121602017 0.709325396825397 0.4801083519345239 0.6696428571428571 0.4253396141224979 0.8172123015873016 0.5257622370342239 0.8556547619047619
9 0.568628019175967 0.7070386375571089 0.5158439532898559 0.8506944444444444 0.6175063616696279 0.8903769841269842 0.6745364931997437 0.7502480158730159 0.568628019175967 0.7070386375571089
7 0.28276399140017416 0.7056051587301587 0.3187177699735081 0.7180059523809523 0.3459930502705203 0.6572420634920635 0.2978166852678573 0.642361111111111 0.2899305555555555 0.6746031746031746 0.28276399140017416 0.7056051587301587
2 0.27780484952799017 0.7080853174603176 0.29737103174603186 0.6460813492063493 0.2527281746031747 0.6262400793650793 0.23813171455051832 0.6969246031746031 0.27780484952799017 0.7080853174603176