2 0.6390625 0.33125 0.20859375 0.36328125
7 0.88203125 0.70703125 0.19140625 0.334375
2 0.01640625 0.2 0.0328125 0.10546875
8 0.63828125 0.70703125 0.23203125 0.334375
0 0.065625 0.20078125 0.06328125 0.10625
0 0.2109375 0.41953125 0.1140625 0.184375
5 0.16484375 0.19921875 0.0609375 0.103125
6 0.06484375 0.815625 0.11953125 0.11640625
5 0.08125 0.42578125 0.1078125 0.1890625
1 0.425 0.33125 0.20703125 0.3359375
3 0.88203125 0.3265625 0.2 0.3609375
7 0.2375 0.196875 0.0578125 0.1
5 0.19375 0.8171875 0.1078125 0.1140625