9 0.71875 0.6890625 0.21640625 0.37109375
9 0.284375 0.803125 0.10546875 0.14296875
9 0.12265625 0.17734375 0.06015625 0.10234375
8 0.29375 0.17421875 0.06015625 0.09765625
9 0.926171875 0.68984375 0.14765625 0.36875
8 0.15234375 0.8046875 0.1140625 0.1390625
4 0.70546875 0.28984375 0.2015625 0.3171875
2 0.22109375 0.17421875 0.06015625 0.09765625
4 0.15703125 0.3875 0.10390625 0.16328125
1 0.915234375 0.28984375 0.16953125 0.315625
1 0.50859375 0.28984375 0.16328125 0.32734375
3 0.28046875 0.3890625 0.1171875 0.19296875