1 0.4375 0.30546875 0.17421875 0.2015625
1 0.59921875 0.3375 0.14921875 0.18515625
1 0.75078125 0.36640625 0.12734375 0.19375
5 0.534375 0.5515625 0.15546875 0.19140625
7 0.6953125 0.584375 0.13671875 0.203125
5 0.5515625 0.78046875 0.1265625 0.15703125
1 0.7359455726810136 0.15516318887105407 0.6867434122525415 0.14178705189941146 0.6851282986649258 0.14312466559657572 0.6610569583415159 0.2233814874264312 0.6998385621958985 0.2354200107009096 0.7359455726810136 0.15516318887105407
0 0.778739066589298 0.25548421615837347 0.8081595936512436 0.16452648475120388 0.7536240971107545 0.15248796147672553 0.7519931328966201 0.15248796147672558 0.7519931328966201 0.15382557517388984 0.7145488257268712 0.24745853397538795 0.778739066589298 0.25548421615837347
9 0.66171875 0.80625 0.14375 0.1578125
7 0.3790922619047619 0.6728196896736223 0.3237693953986091 0.6581059390048154 0.3120231576771314 0.7356875334403425 0.3628404316932191 0.7530765115034779 0.3790922619047619 0.6728196896736223
2 0.29375 0.68984375 0.04765625 0.0828125