9 0.6765625 0.6828125 0.20390625 0.36640625
5 0.90390625 0.67734375 0.18984375 0.3640625
2 0.2578125 0.796875 0.10078125 0.15546875
4 0.6671875 0.29453125 0.18515625 0.3078125
2 0.25703125 0.38203125 0.09765625 0.16484375
4 0.146875 0.3859375 0.0953125 0.15390625
6 0.2734375 0.178125 0.0578125 0.0984375
1 0.06171875 0.79921875 0.0421875 0.15078125
2 0.20625 0.1796875 0.059375 0.09765625
1 0.46328125 0.29453125 0.1796875 0.325
9 0.87421875 0.29296875 0.18671875 0.3359375
7 0.1140625 0.18125 0.05234375 0.09296875
1 0.15625 0.79375 0.09140625 0.15234375