9 0.7578125 0.5453125 0.14375 0.23203125
1 0.59765625 0.55390625 0.15859375 0.2078125
1 0.459375 0.56484375 0.1515625 0.21796875
6 0.7890625 0.7921875 0.1484375 0.23203125
9 0.64296875 0.79765625 0.1515625 0.24453125
4 0.7234375 0.32109375 0.14609375 0.1859375
0 0.57578125 0.33203125 0.14765625 0.2171875
2 0.4109375 0.3328125 0.17734375 0.22890625
1 0.4046875 0.1703125 0.0859375 0.1390625
0 0.4859375 0.1734375 0.071875 0.16328125
4 0.60546875 0.165625 0.08984375 0.15546875
8 0.675 0.16796875 0.07890625 0.140625