9 0.12890625 0.78671875 0.11015625 0.1671875
6 0.2375 0.7875 0.10078125 0.16640625
9 0.66796875 0.68046875 0.20859375 0.371875
5 0.20078125 0.17109375 0.05859375 0.09140625
3 0.67421875 0.2890625 0.178125 0.328125
3 0.13828125 0.37890625 0.09375 0.17421875
1 0.4609375 0.28828125 0.175 0.3265625
6 0.88984375 0.68984375 0.20390625 0.35546875
6 0.88203125 0.290625 0.196875 0.33203125
1 0.26953125 0.1671875 0.06171875 0.08515625
1 0.05234375 0.17109375 0.0546875 0.09140625
5 0.24375 0.38125 0.09140625 0.1734375
4 0.11015625 0.16953125 0.06015625 0.08828125