9 0.14609375 0.784375 0.10859375 0.16484375
3 0.21484375 0.19375 0.05234375 0.0953125
2 0.27578125 0.1921875 0.05625 0.09296875
3 0.89609375 0.66953125 0.18046875 0.359375
2 0.0578125 0.1921875 0.0578125 0.09296875
5 0.2640625 0.78515625 0.0953125 0.1671875
1 0.47421875 0.30546875 0.14609375 0.31171875
3 0.665625 0.30078125 0.16953125 0.32734375
1 0.484375 0.68671875 0.1453125 0.3328125
1 0.7015625 0.68046875 0.14765625 0.33125
1 0.1265625 0.19140625 0.0515625 0.09140625
8 0.8671875 0.2984375 0.19375 0.340625