4 0.5133643823537639 0.2914186507936508 0.494767600333074 0.2405753968253969 0.4637729636319238 0.2517361111111111 0.4639873201884921 0.25297619047619047 0.47865038924847586 0.30505952380952384 0.5133643823537639 0.2914186507936508
3 0.47741060378042965 0.3087797619047619 0.4625331781638776 0.24801587301587302 0.4377374688029576 0.25545634920634924 0.43670557415674616 0.25669642857142855 0.4488955380153719 0.32614087301587297 0.47741060378042965 0.3087797619047619
8 0.4377374688029578 0.3211805555555556 0.4240998286544519 0.26661706349206354 0.406498015873016 0.27033730158730157 0.39702303447420645 0.2728174603174603 0.40674283210180756 0.33606150793650796 0.4377374688029578 0.3211805555555556
1 0.5505576524981104 0.40178571428571425 0.5146038739247766 0.29637896825396826 0.4846230158730158 0.31374007936507936 0.45982142857142866 0.3261408730158731 0.47966269841269843 0.42658730158730157 0.5505576524981104 0.40178571428571425
2 0.46997189097215386 0.4402281746031746 0.4476557525473259 0.3211805555555556 0.3559116279119216 0.3311011904761905 0.3546718424438757 0.3311011904761905 0.39186540648525586 0.47743055555555564 0.46997189097215386 0.4402281746031746
1 0.3159722222222223 0.5047123015873016 0.3881460500811177 0.4774305555555555 0.3559116279119216 0.34226190476190477 0.2824900793650794 0.36086309523809523 0.29737103174603197 0.41542658730158727 0.3159722222222223 0.5047123015873016
8 0.4327783269307737 0.5939980158730158 0.5170837387579017 0.5716765873015872 0.4749310328443378 0.43278769841269843 0.39950319320436517 0.4637896825396825 0.39930411929353155 0.465029761904762 0.4327783269307737 0.5939980158730158
0 0.48752822693394826 0.4398203178335904 0.5158439532898557 0.5580357142857143 0.587751510436524 0.5295138888888888 0.556756873735374 0.4166666666666667 0.48752822693394826 0.4398203178335904
8 0.5096450259496259 0.6820436507936508 0.584032154032386 0.675843253968254 0.5592364446714659 0.5629960317460319 0.4999496217757938 0.5803571428571428 0.4984869567372119 0.5803571428571428 0.5096450259496259 0.6820436507936508
0 0.6116172778918101 0.5470926975719271 0.5542773027992818 0.5605158730158731 0.5790730121602018 0.6560019841269842 0.639822500094456 0.648561507936508 0.6116172778918101 0.5470926975719271
3 0.44517618161123373 0.6671626984126985 0.4340181123988199 0.6175595238095238 0.3968245483574398 0.6336805555555556 0.3982631138392858 0.6336805555555556 0.4092224030378997 0.6882440476190477 0.44517618161123373 0.6671626984126985
1 0.4129417594420376 0.6820436507936508 0.3968245483574398 0.631200396825397 0.37078905352847363 0.6361607142857142 0.3697412884424604 0.6374007936507936 0.39310519195330185 0.6944444444444444 0.4129417594420376 0.6820436507936508
1 0.3838592149860175 0.3367953227237432 0.40493377473142295 0.3268544926551557 0.3989692766902705 0.28470537316434485 0.36874915328176455 0.29742963565213687 0.3838592149860175 0.3367953227237432