2 0.4655349794238683 0.46424897119341574 0.4616769547325104 0.4346707818930041 0.4246221947103538 0.3249314130336934 0.36008230452674916 0.3626543209876544 0.4012345679012346 0.4951131687242798 0.4655349794238683 0.46424897119341574
4 0.4593252957361756 0.257201646090535 0.45828108924897126 0.257201646090535 0.47732514401299164 0.31635802469135804 0.5068963233249039 0.30092592592592593 0.4901821784964316 0.24948559670781895 0.4593252957361756 0.257201646090535
8 0.3911830129739438 0.28292181069958844 0.3914086612654322 0.28420781893004116 0.40532575090572776 0.3433641975308642 0.4400397440110158 0.3317901234567901 0.4143256750441357 0.27649176954732513 0.3911830129739438 0.28292181069958844
1 0.391205871632094 0.29320987654320996 0.3721185378086421 0.3022119341563786 0.3719203199069341 0.3034979423868313 0.3809202440453422 0.35236625514403297 0.40792001646056625 0.3433641975308642 0.391205871632094 0.29320987654320996
1 0.5442024485102696 0.407664609053498 0.5043456416116057 0.2983539094650206 0.4609243504871056 0.3176124339239618 0.48763149678313356 0.43209876543209874 0.5442024485102696 0.407664609053498
1 0.3549382716049383 0.367798353909465 0.28677983539094665 0.3960905349794239 0.3369341563786008 0.506687242798354 0.39094650205761317 0.47582304526748975 0.3549382716049383 0.367798353909465
3 0.4578189300411523 0.264917695473251 0.4295267489711936 0.27520576131687247 0.4449588477366257 0.32150205761316875 0.46939300411522655 0.30992798353909473 0.4578189300411523 0.264917695473251
8 0.4796810699588477 0.4681069958847736 0.411522633744856 0.49254115226337447 0.45653292181069977 0.6147119341563787 0.5349794238683129 0.5799897119341565 0.4796810699588477 0.4681069958847736
8 0.5761316872427984 0.5864197530864199 0.5041152263374485 0.6069958847736625 0.5362654320987654 0.6995884773662553 0.6108539094650206 0.6712962962962963 0.5761316872427984 0.5864197530864199
0 0.5684156378600823 0.4295267489711934 0.48482510288065866 0.46296296296296297 0.5375514403292183 0.5748456790123458 0.6095679012345678 0.5375514403292181 0.5684156378600823 0.4295267489711934
0 0.6288580246913582 0.5632716049382716 0.5684156378600822 0.5851337448559671 0.5979938271604938 0.6725823045267492 0.6648662551440331 0.6481481481481481 0.6288580246913582 0.5632716049382716