1 0.4671875 0.2953125 0.196875 0.3375
4 0.67265625 0.29453125 0.1984375 0.3359375
5 0.265625 0.3828125 0.1078125 0.20390625
5 0.88984375 0.30078125 0.18984375 0.34921875
2 0.894921875 0.682421875 0.21015625 0.38203125
9 0.2671875 0.7921875 0.12109375 0.1640625
8 0.1421875 0.790625 0.1265625 0.1671875
0 0.15234375 0.3765625 0.10390625 0.18984375
9 0.115625 0.16953125 0.0640625 0.08515625
8 0.67578125 0.68828125 0.203125 0.371875
5 0.28203125 0.17109375 0.071875 0.08828125
0 0.2078125 0.17109375 0.065625 0.08828125