2 0.1703125 0.38828125 0.1 0.17265625
2 0.07421875 0.18359375 0.0640625 0.103125
8 0.2734375 0.78671875 0.09453125 0.15546875
8 0.6625 0.6890625 0.2078125 0.3546875
6 0.2953125 0.18828125 0.0625 0.103125
7 0.8859375 0.68671875 0.1765625 0.34609375
0 0.13671875 0.1859375 0.06171875 0.103125
4 0.87421875 0.30078125 0.18515625 0.28984375
4 0.665625 0.3078125 0.1875 0.3125
6 0.15625 0.790625 0.0984375 0.15859375
8 0.27421875 0.39296875 0.1 0.1703125
1 0.459375 0.30078125 0.20078125 0.30859375
4 0.2265625 0.18515625 0.0640625 0.09609375