1 0.44921875 0.303125 0.08515625 0.1109375
4 0.53359375 0.309375 0.0671875 0.11796875
1 0.3671875 0.29765625 0.08046875 0.12421875
6 0.45078125 0.43046875 0.071875 0.12734375
1 0.528125 0.43125 0.0703125 0.1203125
5 0.4765625 0.5453125 0.06484375 0.10390625
7 0.5359375 0.54921875 0.0609375 0.1
8 0.35859375 0.528125 0.02421875 0.046875
8 0.3296875 0.528125 0.03359375 0.06171875
8 0.4796875 0.22109375 0.0359375 0.05546875
3 0.525 0.21953125 0.021875 0.0546875
3 0.5515625 0.2265625 0.02890625 0.053125