4 0.52109375 0.30703125 0.07265625 0.1109375
1 0.43515625 0.30625 0.071875 0.1015625
1 0.35546875 0.3015625 0.06484375 0.10625
6 0.425 0.42890625 0.0796875 0.1203125
1 0.51640625 0.42890625 0.06171875 0.1046875
5 0.46015625 0.5484375 0.05859375 0.0921875
7 0.5234375 0.55546875 0.0640625 0.096875
8 0.3328125 0.5390625 0.03515625 0.05078125
2 0.30703125 0.53828125 0.02578125 0.04453125
1 0.47421875 0.22109375 0.02734375 0.0625
1 0.546875 0.228125 0.02734375 0.06015625
0 0.51171875 0.2234375 0.02734375 0.06640625