7 0.8078125 0.5984375 0.18203125 0.27265625
1 0.45703125 0.5828125 0.17421875 0.2734375
0 0.621875 0.59375 0.18828125 0.28828125
7 0.65859375 0.86484375 0.18828125 0.2703125
7 0.81484375 0.871875 0.16640625 0.25625
9 0.809375 0.3359375 0.1859375 0.2609375
6 0.6328125 0.32265625 0.18984375 0.26640625
1 0.47109375 0.3125 0.16484375 0.22421875
1 0.47265625 0.13125 0.11015625 0.14765625
8 0.56484375 0.13828125 0.09140625 0.1296875
2 0.7015625 0.146875 0.10234375 0.13359375
3 0.78828125 0.15078125 0.10390625 0.1296875