1 0.4484375 0.28359375 0.16953125 0.31796875
1 0.45078125 0.66953125 0.16015625 0.359375
1 0.11171875 0.34921875 0.09921875 0.18984375
1 0.02265625 0.14921875 0.0453125 0.05
6 0.22265625 0.34375 0.10703125 0.190625
0 0.07890625 0.1515625 0.0609375 0.05546875
0 0.6484375 0.66875 0.20703125 0.390625
4 0.2453125 0.1484375 0.07578125 0.0484375
8 0.10234375 0.77265625 0.11484375 0.1765625
3 0.228125 0.77734375 0.10546875 0.1859375
2 0.64375 0.28515625 0.21484375 0.321875
9 0.86796875 0.28515625 0.1953125 0.321875
5 0.8703125 0.6734375 0.20390625 0.390625