7 0.78359375 0.58125 0.16875 0.253125
1 0.45859375 0.56640625 0.1609375 0.253125
0 0.61171875 0.5765625 0.17421875 0.2671875
7 0.64609375 0.83671875 0.17421875 0.2671875
7 0.790625 0.85234375 0.1546875 0.27265625
9 0.7859375 0.3375 0.17265625 0.2421875
6 0.621875 0.32578125 0.1765625 0.246875
1 0.471875 0.31640625 0.153125 0.2078125
1 0.4734375 0.1484375 0.10234375 0.13671875
8 0.55859375 0.1546875 0.08515625 0.1203125
2 0.68515625 0.1625 0.09453125 0.1234375
3 0.76640625 0.165625 0.09609375 0.1203125