9 0.765625 0.55703125 0.15234375 0.24296875
1 0.60703125 0.5640625 0.15234375 0.2171875
1 0.43984375 0.5734375 0.19609375 0.228125
6 0.79375 0.81328125 0.1578125 0.24296875
9 0.6421875 0.8171875 0.1609375 0.25625
4 0.73359375 0.32421875 0.1546875 0.1953125
0 0.58046875 0.3328125 0.15625 0.22734375
2 0.41015625 0.33046875 0.18828125 0.240625
1 0.39296875 0.17578125 0.11484375 0.140625
0 0.48984375 0.165625 0.06875 0.16796875
4 0.61875 0.175 0.0859375 0.1625
8 0.68984375 0.165625 0.0734375 0.14765625