3 0.58671875 0.32734375 0.1140625 0.15859375
1 0.47109375 0.30859375 0.09921875 0.14375
1 0.3625 0.30703125 0.10546875 0.14296875
1 0.31640625 0.634375 0.03203125 0.05859375
7 0.453125 0.48828125 0.1 0.1734375
8 0.56484375 0.5 0.12265625 0.15
6 0.47421875 0.66640625 0.0875 0.13515625
3 0.5609375 0.678125 0.090625 0.13359375
2 0.2765625 0.6296875 0.034375 0.08046875
2 0.5828125 0.2078125 0.03671875 0.0734375
1 0.4875 0.2109375 0.0546875 0.06953125
6 0.528125 0.20859375 0.03984375 0.06796875
7 0.62890625 0.21171875 0.05 0.0609375