1 0.415625 0.32421875 0.16171875 0.18671875
1 0.56484375 0.35390625 0.13828125 0.171875
1 0.70546875 0.38046875 0.11796875 0.1796875
5 0.5046875 0.55234375 0.14453125 0.17734375
7 0.6546875 0.5828125 0.1265625 0.18828125
5 0.52109375 0.76484375 0.1171875 0.14609375
1 0.6224655035418121 0.24801587301587302 0.658419282115146 0.2591765873015873 0.6918934897523881 0.1847718253968254 0.6462789868551588 0.17237103174603174 0.64478164196664 0.1736111111111111 0.6224655035418121 0.24801587301587302
0 0.70677091536894 0.18353174603174607 0.6720569222636519 0.2703373015873016 0.7315666247298601 0.2777777777777778 0.7588419050268722 0.193452380952381 0.7082829551091271 0.18229166666666666 0.70677091536894 0.1822916666666667 0.70677091536894 0.18353174603174607
9 0.6234375 0.7890625 0.1328125 0.14609375
7 0.2988820841758723 0.72296626984127 0.3459939319616203 0.7390873015873016 0.36106073288690477 0.6646825396825397 0.30977182539682563 0.6510416666666666 0.2988820841758723 0.72296626984127
2 0.28125 0.68046875 0.04453125 0.0765625