9 0.7421875 0.5046875 0.15859375 0.25625
1 0.56484375 0.51484375 0.175 0.2296875
1 0.4125 0.52578125 0.1671875 0.240625
6 0.77734375 0.77734375 0.1640625 0.25625
9 0.615625 0.78359375 0.1671875 0.2703125
4 0.70390625 0.2578125 0.1609375 0.20546875
0 0.540625 0.26953125 0.1625 0.240625
2 0.359375 0.2703125 0.19609375 0.25234375
1 0.35234375 0.09140625 0.0953125 0.153125
0 0.44140625 0.09375 0.07890625 0.18046875
4 0.573828125 0.08515625 0.09921875 0.1703125
8 0.65078125 0.08828125 0.08671875 0.15546875