1 0.46328125 0.31171875 0.18828125 0.32734375
1 0.071875 0.1859375 0.0703125 0.103125
1 0.16796875 0.390625 0.103125 0.17265625
1 0.27890625 0.39453125 0.10234375 0.1640625
1 0.46484375 0.68984375 0.17890625 0.34140625
0 0.66875 0.6953125 0.20078125 0.35859375
3 0.67265625 0.30703125 0.190625 0.359375
4 0.86875 0.31171875 0.18359375 0.33671875
4 0.8796875 0.690625 0.18828125 0.33515625
0 0.1390625 0.18828125 0.0578125 0.10546875
6 0.29296875 0.18359375 0.0640625 0.109375
8 0.1625 0.7859375 0.10625 0.1640625
1 0.27421875 0.7890625 0.10234375 0.1609375