4 0.4628986222538119 0.2620306716023268 0.46312714833421487 0.26335272342675836 0.47875948425432435 0.3188789000528821 0.5157681622555199 0.3043363299841354 0.49594208475487944 0.25013220518244317 0.4628986222538119 0.2620306716023268
3 0.4351421137529151 0.26599682707562144 0.43404200819672145 0.2673188789000529 0.44703776025329967 0.34135378106821784 0.47743774575428144 0.32284505552617665 0.461576883753769 0.25806451612903225 0.4351421137529151 0.26599682707562144
8 0.4018376520359599 0.28186144896879956 0.39173634981491284 0.28450555261766264 0.4020986512518478 0.3519301956636701 0.4351421137529153 0.33606557377049184 0.4206029902524458 0.2778952934955051 0.4018376520359599 0.28186144896879956
1 0.48512691697514543 0.3281332628239027 0.45868588048651515 0.34135378106821795 0.4798387096774194 0.4484399788471709 0.5554200039324118 0.4219989423585405 0.5170895874311737 0.3096245372818615 0.48512691697514543 0.3281332628239027
2 0.3479073727500973 0.346641988365944 0.3465856342500547 0.346641988365944 0.3862377892513357 0.5026441036488631 0.4695073147540255 0.46298254891591756 0.445716021753257 0.33606557377049184 0.3479073727500973 0.346641988365944
1 0.3479073727500973 0.35854045478582763 0.2696324695928082 0.3783712321523004 0.2854970914859865 0.43654151242728717 0.3053278688524591 0.5317292437863566 0.38227257375120743 0.502644103648863 0.3479073727500973 0.35854045478582763
8 0.4747942687541961 0.45505023796932836 0.3943804534637759 0.4881015335801163 0.3941682202515916 0.489423585404548 0.4298551597527444 0.6269169751454257 0.5197333777556479 0.6031200423056584 0.4747942687541961 0.45505023796932836
0 0.5950724722580817 0.5581702802749867 0.5620290097570142 0.4378635642517187 0.4882241700152511 0.4625477317570166 0.5184116392556051 0.5885774722369118 0.5950724722580817 0.5581702802749867
8 0.5646724867570996 0.5938656795346379 0.5014666512427288 0.6123744050766791 0.49990730025500757 0.6123744050766791 0.5118029467553918 0.7207826546800635 0.5911072567579535 0.7141723955579058 0.5646724867570996 0.5938656795346379
0 0.5858203027577826 0.6930195663670017 0.6505854892598748 0.6850872554204126 0.6205158287836537 0.5769110937625622 0.5593855327569287 0.5912215758857748 0.5858203027577826 0.6930195663670017
3 0.39152474325150644 0.6692226335272344 0.3930584016393444 0.6692226335272343 0.40474212825193323 0.7273929138022212 0.44307254475317137 0.7049180327868854 0.4311768982527873 0.6520359598096246 0.39152474325150644 0.6692226335272344
1 0.36376823475060965 0.6718667371760974 0.3626512096774195 0.6731887890005288 0.38755952775137836 0.7340031729243786 0.4087073437520612 0.7207826546800635 0.39152474325150644 0.6665785298783714 0.36376823475060965 0.6718667371760974
1 0.3938112436846036 0.2971792873079425 0.3615934918117596 0.31074465651756106 0.37770236774818156 0.35271251750981825 0.40017001050161216 0.34211457281480373 0.3938112436846036 0.2971792873079425