9 0.15234375 0.778125 0.103125 0.15703125
6 0.25390625 0.77890625 0.09453125 0.15546875
9 0.65703125 0.67890625 0.1953125 0.3484375
5 0.22109375 0.19765625 0.0546875 0.09296875
3 0.6640625 0.30234375 0.16875 0.328125
3 0.1609375 0.39609375 0.0875 0.16328125
1 0.46484375 0.31015625 0.1640625 0.309375
6 0.865625 0.6875 0.190625 0.33359375
6 0.8578125 0.3046875 0.184375 0.33125
1 0.284375 0.1953125 0.0578125 0.0875
1 0.08125 0.2 0.0515625 0.08828125
5 0.26015625 0.39765625 0.0859375 0.1625
4 0.13515625 0.1953125 0.05546875 0.08984375