0 0.6534604341399955 0.6237599206349207 0.6113077282264316 0.5319940476190477 0.5639325499187067 0.5477895172252955 0.5641955865436501 0.5481150793650793 0.5635791735845641 0.5481150793650793 0.5951905171418331 0.6498015873015873 0.6534604341399955 0.6237599206349207
8 0.5160455112990265 0.5724280270622796 0.5431192335868679 0.6733630952380951 0.5976697941808918 0.6498015873015873 0.5579966592034198 0.5555555555555556 0.5160455112990265 0.5724280270622796
3 0.4575740362916935 0.6795634920634922 0.4377374688029578 0.638640873015873 0.4129417594420378 0.6510416666666666 0.42926509796626994 0.6857638888888888 0.43029875599468187 0.685763888888889 0.4575740362916935 0.6795634920634922
1 0.4079826175698538 0.7018849206349207 0.42657939959054386 0.6969246031746033 0.4129417594420378 0.642361111111111 0.39330279637896837 0.6510416666666666 0.39186540648525575 0.6522817460317459 0.4079826175698538 0.7018849206349207
8 0.39310519195330185 0.48487103174603174 0.39186540648525575 0.48611111111111105 0.44021703973904974 0.597718253968254 0.5146041678218098 0.5617559523809523 0.4687321055041078 0.44890873015873023 0.3945428757440477 0.4836309523809524 0.3943449774213478 0.48487103174603174 0.39310519195330185 0.48487103174603174
0 0.5195633096939939 0.5530753968253969 0.6026289360530761 0.5146329365079365 0.549318160927098 0.40178571428571425 0.5480783754590517 0.4017857142857143 0.47865038924847597 0.43650793650793657 0.5195633096939939 0.5530753968253969
1 0.38442669367697957 0.49107142857142855 0.34103420229536957 0.3683035714285715 0.263888888888889 0.40674603174603174 0.30977182539682546 0.523313492063492 0.38442669367697957 0.49107142857142855
1 0.3581349206349206 0.35962301587301587 0.38938583554916384 0.35094246031746035 0.36954926806042765 0.2938988095238096 0.3561004154265874 0.30257936507936506 0.34325396825396826 0.3112599206349206 0.3581349206349206 0.35962301587301587
2 0.350392515755944 0.3594547766909367 0.3869062646130716 0.4836309523809524 0.4637729636319238 0.4489087301587301 0.4079826175698537 0.3397817460317461 0.350392515755944 0.3594547766909367
8 0.4141815449100837 0.32986111111111105 0.38690626461307154 0.2802579365079365 0.3658299116562894 0.2876984126984127 0.3660222259353557 0.29017857142857134 0.39062562101720977 0.34846230158730157 0.4141815449100837 0.32986111111111105
4 0.4526148944195098 0.3100198412698413 0.4848493165887057 0.2889384920634921 0.46005360722778565 0.24677579365079366 0.45881382175973967 0.24553571428571427 0.43401811239881977 0.26041666666666663 0.4526148944195098 0.3100198412698413
1 0.416418650793651 0.33606150793650796 0.47842261904761896 0.42658730158730157 0.5416666666666666 0.39806547619047616 0.4871031746031747 0.2938988095238095 0.416418650793651 0.33606150793650796
3 0.42385912698412714 0.3211805555555556 0.44494047619047616 0.3087797619047619 0.4350198412698413 0.2703373015873016 0.4064980158730158 0.27901785714285715 0.42385912698412714 0.3211805555555556