2 0.175 0.1796875 0.06171875 0.10546875
0 0.6515625 0.696875 0.23203125 0.3546875
4 0.89765625 0.70390625 0.2046875 0.33984375
5 0.6546875 0.31015625 0.203125 0.3671875
8 0.24375 0.18046875 0.0578125 0.1078125
4 0.1125 0.4046875 0.10625 0.17421875
1 0.44375 0.2953125 0.18515625 0.33046875
7 0.2328125 0.4 0.1 0.18359375
1 0.43359375 0.70625 0.2078125 0.3359375
8 0.8765625 0.30625 0.21640625 0.36015625
9 0.07578125 0.18515625 0.0578125 0.1078125
1 0.09453125 0.81484375 0.10390625 0.11796875
1 0.21953125 0.81328125 0.1078125 0.12109375
1 0.0125 0.814453125 0.025 0.11796875