3 0.58671875 0.265625 0.12578125 0.17421875
1 0.46015625 0.2453125 0.10859375 0.1578125
1 0.340625 0.24296875 0.115625 0.15625
1 0.28984375 0.60234375 0.03515625 0.0640625
7 0.43984375 0.4421875 0.11015625 0.190625
8 0.5625 0.45546875 0.13515625 0.16484375
6 0.46328125 0.63828125 0.09609375 0.1484375
3 0.55859375 0.65078125 0.1 0.146875
2 0.24609375 0.596875 0.03828125 0.08828125
2 0.58203125 0.134375 0.040625 0.08046875
1 0.47734375 0.1375 0.059375 0.0765625
6 0.52265625 0.13515625 0.04375 0.075
7 0.6328125 0.13828125 0.0546875 0.06640625