2 0.8421875 0.33359375 0.1703125 0.29140625
6 0.33046875 0.2453125 0.0484375 0.0828125
8 0.32109375 0.421875 0.090625 0.1421875
9 0.203125 0.2453125 0.046875 0.0828125
9 0.31640625 0.765625 0.0890625 0.14296875
4 0.66328125 0.3390625 0.15546875 0.26640625
2 0.2765625 0.24609375 0.05234375 0.08203125
8 0.215625 0.765625 0.09375 0.1421875
1 0.48125 0.34375 0.17109375 0.2703125
1 0.48671875 0.675 0.171875 0.29140625
1 0.6671875 0.671875 0.16953125 0.28203125
1 0.8546875 0.6671875 0.1734375 0.2875
5 0.2234375 0.42109375 0.08125 0.1421875