1 0.375 0.31875 0.06171875 0.12265625
4 0.53984375 0.31796875 0.06328125 0.1375
2 0.4546875 0.315625 0.07265625 0.121875
5 0.45703125 0.434375 0.06796875 0.12578125
8 0.5375 0.44453125 0.08046875 0.1328125
5 0.4859375 0.5625 0.0640625 0.0953125
8 0.5453125 0.57109375 0.06015625 0.11953125
4 0.49296875 0.23046875 0.03046875 0.04921875
2 0.53046875 0.23046875 0.03046875 0.05703125
2 0.5578125 0.22890625 0.03359375 0.053125
5 0.36484375 0.55234375 0.03203125 0.0609375
2 0.3359375 0.5515625 0.03203125 0.0671875