3 0.565625 0.38203125 0.06484375 0.11171875
0 0.496875 0.39921875 0.06640625 0.10234375
1 0.44453125 0.4140625 0.0421875 0.1046875
1 0.6078125 0.4703125 0.0421875 0.11640625
7 0.521875 0.48828125 0.06796875 0.10859375
3 0.62265625 0.58046875 0.053125 0.09453125
8 0.5765625 0.58515625 0.04921875 0.084375
2 0.50078125 0.32109375 0.03515625 0.04921875
2 0.53984375 0.315625 0.01640625 0.0453125
4 0.5625 0.30703125 0.0265625 0.05703125
2 0.46875 0.60859375 0.02578125 0.046875
1 0.4515625 0.6078125 0.02421875 0.0484375