8 0.5390625 0.81875 0.15859375 0.2328125
4 0.67578125 0.8421875 0.1296875 0.20703125
1 0.48046875 0.3421875 0.16953125 0.2
3 0.6203125 0.34921875 0.14296875 0.22578125
9 0.7578125 0.36796875 0.15234375 0.2359375
8 0.56171875 0.58515625 0.175 0.23359375
8 0.70234375 0.60234375 0.165625 0.2390625
2 0.5353873985842788 0.23749208359721347 0.5733771263144483 0.11716276124129196 0.5100609134308325 0.10607979734008868 0.4467447005472165 0.22007599746675113 0.5353873985842788 0.23749208359721347
2 0.5939548955016234 0.2517416086130463 0.6366933391980644 0.1203293223559215 0.5720956697276758 0.10291323622545918 0.532221587940098 0.23907536415452818 0.5939548955016234 0.2517416086130463
1 0.6285247783407222 0.24065864471184292 0.7142556999804937 0.25649145028499054 0.7538283330327539 0.13457884737175432 0.6712733533882206 0.11874604179860679 0.655440547815073 0.16307789740341994 0.6285247783407222 0.24065864471184292
6 0.703175362725861 0.25015832805573157 0.7918180607629232 0.2644078530715643 0.8234761672047313 0.13141228625712487 0.747496711744392 0.12349588347055096 0.7425209784673845 0.14566181127295766 0.703175362725861 0.25015832805573157