0 0.709375 0.675 0.190625 0.34609375
7 0.923046875 0.666796875 0.15390625 0.32734375
2 0.2859375 0.20859375 0.05546875 0.09140625
2 0.90546875 0.315625 0.1859375 0.31875
0 0.21484375 0.78046875 0.0953125 0.15546875
6 0.346875 0.20859375 0.0546875 0.0921875
9 0.2046875 0.2109375 0.0515625 0.08984375
2 0.32578125 0.77734375 0.096875 0.153125
6 0.33203125 0.40390625 0.09453125 0.16015625
1 0.51640625 0.6828125 0.1796875 0.3234375
3 0.71328125 0.3171875 0.1703125 0.3140625
1 0.51171875 0.3171875 0.1859375 0.30078125
1 0.10859375 0.78203125 0.10234375 0.1390625
5 0.2296875 0.40703125 0.08671875 0.15859375