7 0.46953125 0.38828125 0.0890625 0.146875
8 0.575 0.38828125 0.1015625 0.17265625
6 0.50390625 0.54921875 0.078125 0.13203125
7 0.584375 0.55390625 0.0765625 0.12265625
1 0.36640625 0.2296875 0.09765625 0.13046875
2 0.4703125 0.234375 0.10078125 0.1375
7 0.58359375 0.23515625 0.08671875 0.1375
3 0.521875 0.13359375 0.0359375 0.05546875
0 0.5703125 0.13046875 0.03203125 0.053125
8 0.60859375 0.13046875 0.04296875 0.065625
1 0.29453125 0.53671875 0.03828125 0.06953125
6 0.32421875 0.53671875 0.03359375 0.0671875