2 0.16953125 0.38515625 0.1015625 0.175
2 0.071875 0.178125 0.06484375 0.1046875
8 0.2734375 0.7890625 0.09609375 0.1578125
8 0.66796875 0.68984375 0.21015625 0.359375
6 0.29609375 0.1828125 0.06328125 0.10390625
7 0.89375 0.6875 0.17890625 0.35078125
0 0.1359375 0.18046875 0.0625 0.1046875
4 0.88203125 0.29609375 0.1875 0.29375
4 0.67109375 0.30390625 0.18984375 0.31640625
6 0.1546875 0.7921875 0.1 0.16015625
8 0.275 0.390625 0.1015625 0.17265625
1 0.4625 0.296875 0.203125 0.3125
4 0.2265625 0.1796875 0.06484375 0.09765625