1 0.0671875 0.19140625 0.06796875 0.10390625
0 0.1359375 0.190625 0.0671875 0.1109375
8 0.28828125 0.19140625 0.06640625 0.10625
0 0.1640625 0.396875 0.09921875 0.1765625
0 0.6640625 0.69609375 0.1984375 0.3578125
0 0.8625 0.31875 0.19140625 0.35546875
6 0.26796875 0.396875 0.09765625 0.18203125
1 0.45703125 0.30703125 0.1921875 0.315625
1 0.46171875 0.696875 0.1984375 0.34453125
1 0.87578125 0.696875 0.18046875 0.33203125
7 0.1703125 0.78984375 0.0953125 0.1609375
4 0.27578125 0.7953125 0.1109375 0.16015625
4 0.6640625 0.3125 0.18828125 0.334375