9 0.66484375 0.66328125 0.19609375 0.35234375
5 0.88359375 0.6578125 0.1828125 0.35
2 0.26328125 0.7765625 0.096875 0.15546875
4 0.65625 0.28984375 0.178125 0.29609375
2 0.26171875 0.37421875 0.09375 0.15859375
4 0.15546875 0.378125 0.09140625 0.1484375
6 0.27734375 0.178125 0.05625 0.09453125
1 0.07421875 0.77734375 0.0421875 0.1453125
2 0.2125 0.17890625 0.05703125 0.09453125
1 0.459375 0.28984375 0.1734375 0.31328125
9 0.85625 0.2890625 0.18046875 0.32421875
7 0.1234375 0.18046875 0.05078125 0.0890625
1 0.16484375 0.7703125 0.08828125 0.146875