2 0.83984375 0.3375 0.16875 0.2875
6 0.33359375 0.25 0.04765625 0.08203125
8 0.325 0.42421875 0.0890625 0.140625
9 0.20859375 0.25078125 0.04609375 0.08203125
9 0.3203125 0.7640625 0.0875 0.14140625
4 0.6625 0.3421875 0.153125 0.2625
2 0.28125 0.25078125 0.0515625 0.08125
8 0.2203125 0.7640625 0.0921875 0.13984375
1 0.4828125 0.346875 0.16875 0.2671875
1 0.48828125 0.675 0.16953125 0.2875
1 0.6671875 0.67109375 0.1671875 0.27890625
1 0.8515625 0.66640625 0.17109375 0.284375
5 0.228125 0.4234375 0.08046875 0.13984375