0 0.659375 0.6859375 0.19609375 0.35390625
0 0.86640625 0.30390625 0.19765625 0.34609375
9 0.153125 0.78359375 0.1046875 0.1609375
0 0.12421875 0.178125 0.05859375 0.1015625
2 0.25859375 0.78671875 0.1 0.16328125
4 0.6640625 0.284375 0.18828125 0.2875
2 0.06171875 0.175 0.06328125 0.1
8 0.28203125 0.1796875 0.05703125 0.09921875
1 0.46640625 0.2953125 0.17578125 0.30859375
8 0.8734375 0.6859375 0.20390625 0.35078125
1 0.46328125 0.67578125 0.17421875 0.31796875
4 0.21953125 0.175 0.06171875 0.09453125