9 0.90234375 0.66953125 0.1953125 0.36953125
9 0.6828125 0.6765625 0.203125 0.3671875
0 0.26171875 0.378125 0.1015625 0.17265625
4 0.1453125 0.3796875 0.1 0.15390625
9 0.1453125 0.7859375 0.10390625 0.1703125
9 0.27421875 0.17265625 0.05703125 0.09375
4 0.67578125 0.2765625 0.18984375 0.28359375
2 0.209375 0.17265625 0.06015625 0.09375
3 0.26328125 0.7859375 0.09140625 0.16640625
1 0.47890625 0.284375 0.16015625 0.3171875
9 0.88515625 0.29140625 0.1921875 0.33203125
9 0.11484375 0.17421875 0.05546875 0.096875