7 0.83515625 0.5328125 0.15859375 0.2578125
1 0.478125 0.53984375 0.1671875 0.275
0 0.64765625 0.54375 0.1640625 0.2734375
7 0.71171875 0.81796875 0.1640625 0.2734375
7 0.8578125 0.82109375 0.121875 0.28125
9 0.81484375 0.271875 0.1640625 0.246875
6 0.63828125 0.27421875 0.1671875 0.25078125
1 0.4640625 0.27578125 0.171875 0.21640625
1 0.4703125 0.08671875 0.0796875 0.1375
8 0.5578125 0.09296875 0.0875 0.14296875
2 0.68515625 0.08828125 0.0796875 0.13984375
3 0.78203125 0.0859375 0.08125 0.146875