2 0.734375 0.29453125 0.1953125 0.33671875
9 0.2203125 0.778125 0.0953125 0.16015625
9 0.33125 0.77734375 0.09375 0.1609375
6 0.3640625 0.18515625 0.0546875 0.0984375
8 0.7328125 0.67734375 0.2 0.35859375
8 0.925 0.67578125 0.14921875 0.359375
4 0.926953125 0.286328125 0.14609375 0.28828125
9 0.21875 0.1875 0.05625 0.09921875
1 0.5234375 0.30703125 0.20546875 0.3234375
2 0.303125 0.18515625 0.0578125 0.09609375
5 0.23515625 0.38984375 0.08984375 0.16640625
5 0.334375 0.390625 0.090625 0.16796875