1 0.38359375 0.284375 0.065625 0.1296875
4 0.5578125 0.2828125 0.06640625 0.14453125
2 0.4671875 0.28046875 0.0765625 0.12890625
5 0.4703125 0.40625 0.07109375 0.13203125
8 0.5546875 0.41640625 0.08515625 0.13984375
5 0.50078125 0.540625 0.0671875 0.10078125
8 0.56328125 0.55 0.06328125 0.1265625
4 0.5078125 0.19140625 0.0328125 0.05234375
2 0.54765625 0.19140625 0.0328125 0.06015625
2 0.57578125 0.1890625 0.03515625 0.05625
5 0.37265625 0.53046875 0.03359375 0.0640625
2 0.34296875 0.5296875 0.03359375 0.0703125