1 0.0171875 0.1625 0.03359375 0.07265625
0 0.071875 0.16328125 0.07265625 0.07421875
8 0.2375 0.1625 0.07109375 0.07265625
0 0.103125 0.36484375 0.1078125 0.19140625
0 0.64453125 0.68515625 0.215625 0.3796875
0 0.86015625 0.2984375 0.20859375 0.34609375
6 0.21640625 0.36484375 0.10625 0.19765625
1 0.41953125 0.28203125 0.20859375 0.31171875
1 0.4265625 0.68828125 0.215625 0.37265625
1 0.875 0.690625 0.19609375 0.36015625
7 0.109375 0.78828125 0.103125 0.17265625
4 0.22421875 0.7921875 0.1203125 0.16640625
4 0.64453125 0.2890625 0.20546875 0.32734375