1 0.06015625 0.17578125 0.06640625 0.10078125
1 0.159375 0.3859375 0.08984375 0.1640625
1 0.453125 0.31015625 0.18125 0.3390625
0 0.12265625 0.1734375 0.0578125 0.09921875
5 0.278125 0.17421875 0.0609375 0.10078125
3 0.26484375 0.3828125 0.090625 0.1703125
8 0.14765625 0.7859375 0.10390625 0.1640625
8 0.25703125 0.78515625 0.09921875 0.16171875
9 0.66328125 0.690625 0.1984375 0.36328125
9 0.8703125 0.69140625 0.19140625 0.36484375
2 0.6546875 0.3015625 0.20078125 0.353125
8 0.86171875 0.29921875 0.18984375 0.34453125