9 0.89453125 0.671875 0.1953125 0.36484375
9 0.675 0.678125 0.19921875 0.36171875
0 0.26015625 0.384375 0.1 0.16953125
4 0.14609375 0.3859375 0.0984375 0.1515625
9 0.14609375 0.7859375 0.10234375 0.16796875
9 0.27421875 0.18046875 0.05546875 0.096875
4 0.66796875 0.284375 0.18671875 0.2796875
2 0.21015625 0.18203125 0.059375 0.0953125
3 0.2625 0.7859375 0.08984375 0.16328125
1 0.475 0.290625 0.1578125 0.315625
9 0.87421875 0.29609375 0.1890625 0.334375
9 0.1171875 0.18203125 0.0546875 0.09921875