0 0.555349600348555 0.5289554338225729 0.5556401657380815 0.5293150684931507 0.5549592405186199 0.5293150684931507 0.5898789493468141 0.6416438356164385 0.6542472521787568 0.6128767123287673 0.6076829480024581 0.5115068493150686 0.555349600348555 0.5289554338225729
8 0.5926177014074948 0.6416438356164385 0.5487924739474489 0.5375342465753425 0.5024508223445686 0.5561725493466059 0.532358013649932 0.6676712328767123 0.5926177014074948 0.6416438356164385
3 0.38855648604665666 0.6430136986301369 0.406588184931507 0.6813698630136986 0.4077300230604267 0.6813698630136987 0.4378598669392078 0.6745205479452057 0.41594725320918524 0.6293150684931507 0.38855648604665666 0.6430136986301369
1 0.38855648604665666 0.6334246575342466 0.36686215753424667 0.6430136986301369 0.36527433395850717 0.6443835616438356 0.38307833261415086 0.699178082191781 0.4036214079860473 0.6936986301369864 0.38855648604665666 0.6334246575342466
8 0.418686329925438 0.5841095890410959 0.500858631413024 0.5443835616438356 0.450185712162346 0.4197260273972604 0.36823202054794535 0.4580821917808219 0.36801341067476007 0.45945205479452056 0.3666438723166337 0.45945205479452056 0.36527433395850717 0.4608219178082192 0.418686329925438 0.5841095890410959
0 0.539205705440564 0.36767123287671233 0.5378361670824374 0.3676712328767124 0.4611420190273575 0.40602739726027404 0.5063367848455297 0.5347945205479452 0.5980958548400008 0.49232876712328766 0.539205705440564 0.36767123287671233
1 0.22390410958904122 0.3731506849315068 0.27458904109589055 0.5019178082191781 0.3570571038097484 0.4663013698630138 0.30912326127532336 0.33068493150684936 0.22390410958904122 0.3731506849315068
1 0.3406226435122313 0.24849315068493158 0.3257662671232878 0.2580821917808219 0.3115753424657534 0.26767123287671235 0.3280136986301369 0.32109589041095893 0.36253525724225444 0.31150684931506856 0.3406226435122313 0.24849315068493158
2 0.4447075587298402 0.4197260273972603 0.38307833261415075 0.2991780821917809 0.319460992747388 0.3209100437309197 0.3597961805260013 0.458082191780822 0.4447075587298402 0.4197260273972603
8 0.3365140284378518 0.24164383561643837 0.33672646985516563 0.24438356164383554 0.36390479560038075 0.30876712328767125 0.3899260244047829 0.2882191780821918 0.3597961805260012 0.2334246575342466 0.3365140284378518 0.24164383561643837
4 0.44059894365546076 0.19643835616438363 0.43922940529733445 0.19506849315068492 0.4118386381348059 0.21150684931506852 0.4323817135067024 0.2663013698630138 0.46798971081798946 0.24301369863013705 0.44059894365546076 0.19643835616438363
1 0.5307534246575343 0.36356164383561645 0.4704794520547947 0.2484931506849315 0.3923972602739728 0.29506849315068495 0.4608904109589041 0.39506849315068493 0.5307534246575343 0.36356164383561645
3 0.4129452054794521 0.2224657534246576 0.3814383561643836 0.232054794520548 0.40061643835616456 0.27863013698630146 0.42390410958904107 0.2649315068493151 0.4129452054794521 0.2224657534246576