0 0.6921875 0.68984375 0.19296875 0.346875
5 0.21015625 0.396875 0.09140625 0.15703125
4 0.70078125 0.31484375 0.17734375 0.28671875
5 0.90546875 0.696875 0.18671875 0.34765625
2 0.3125 0.40390625 0.09140625 0.1546875
0 0.19140625 0.20859375 0.05546875 0.090625
1 0.5078125 0.31875 0.17109375 0.29609375
2 0.128125 0.2078125 0.05859375 0.09140625
2 0.2953125 0.7859375 0.0984375 0.15390625
3 0.909375 0.321875 0.1703125 0.3265625
1 0.4984375 0.69453125 0.17890625 0.3140625
1 0.1953125 0.78984375 0.0875 0.13515625
1 0.08046875 0.78359375 0.103125 0.13984375
4 0.27421875 0.20703125 0.05859375 0.0859375
4 0.33984375 0.2078125 0.05234375 0.08359375