1 0.50390625 0.2724609375 0.056640625 0.3203125
1 0.6474609375 0.2705078125 0.0634765625 0.302734375
5 0.755859375 0.2666015625 0.150390625 0.314453125
7 0.603515625 0.58203125 0.1572265625 0.3076171875
5 0.755859375 0.583984375 0.150390625 0.3076171875
7 0.271484375 0.6748046875 0.05859375 0.1142578125
2 0.3310546875 0.6748046875 0.0537109375 0.1142578125
1 0.1904296875 0.19921875 0.0205078125 0.0595703125
2 0.220703125 0.1982421875 0.033203125 0.0625
3 0.28125 0.19921875 0.0361328125 0.060546875
5 0.3212890625 0.197265625 0.0380859375 0.060546875
1 0.1875 0.134765625 0.015625 0.044921875
2 0.208984375 0.1328125 0.0234375 0.0400390625
2 0.2607421875 0.1328125 0.0234375 0.0419921875
1 0.345703125 0.134765625 0.0126953125 0.044921875
8 0.287109375 0.1328125 0.0234375 0.0419921875
9 0.3662109375 0.134765625 0.025390625 0.044921875