1 0.46015625 0.2765625 0.15703125 0.35625
1 0.63125 0.27890625 0.13828125 0.34765625
5 0.7859375 0.2671875 0.16640625 0.34453125
7 0.6171875 0.61328125 0.1734375 0.3375
5 0.7859375 0.615625 0.16640625 0.3375
7 0.24921875 0.71484375 0.06484375 0.125
2 0.315625 0.71484375 0.059375 0.125
1 0.1515625 0.19609375 0.03984375 0.06953125
2 0.19296875 0.1921875 0.03671875 0.06875
3 0.26015625 0.19296875 0.03984375 0.0671875
5 0.3046875 0.19140625 0.0421875 0.0671875
1 0.15078125 0.1234375 0.0296875 0.05078125
2 0.18046875 0.1203125 0.02578125 0.04375
2 0.2375 0.12109375 0.02578125 0.04609375
1 0.321875 0.1265625 0.03203125 0.05703125
8 0.2671875 0.12109375 0.02578125 0.04609375
9 0.35390625 0.12265625 0.028125 0.04921875