1 0.5060546875 0.2687572337962963 0.06961805555555545 0.320775462962963
1 0.6495008680555556 0.2628110532407407 0.07513020833333339 0.3051938657407407
5 0.7577690972222222 0.25614872685185186 0.16328124999999982 0.31756365740740744
7 0.6173828125 0.5756004050925926 0.1690104166666666 0.31174768518518525
5 0.769704861111111 0.5734953703703703 0.1631510416666666 0.31170428240740744
7 0.2894965277777778 0.6766782407407408 0.06310763888888893 0.1156828703703705
2 0.3490451388888889 0.6752604166666667 0.05920138888888893 0.1156539351851853
1 0.19010416666666669 0.20370370370370372 0.02282986111111107 0.060706018518518534
2 0.22033420138888887 0.20152633101851852 0.036545138888888884 0.06276041666666665
3 0.28088107638888893 0.20107783564814816 0.03845486111111107 0.060821759259259256
5 0.3208550347222222 0.1978515625 0.04040798611111107 0.06083622685185186
1 0.184765625 0.13927951388888887 0.016623263888888906 0.04503761574074072
2 0.20520833333333333 0.13619791666666667 0.024348958333333337 0.04118923611111108
2 0.2569444444444445 0.13483796296296297 0.024392361111111094 0.04314236111111108
1 0.3419270833333333 0.13518518518518519 0.014670138888888906 0.04502314814814817
8 0.2833116319444444 0.13464265046296298 0.024392361111111205 0.04314236111111114
9 0.3624131944444444 0.13405671296296295 0.026388888888888795 0.04510995370370374