1 0.5309027777777777 0.3033420138888889 0.115133101851852 0.331640625
1 0.6728443287037037 0.33221932870370374 0.11851851851851847 0.31426504629629637
5 0.7798900462962963 0.3504846643518519 0.20716145833333321 0.3442129629629629
7 0.5721354166666667 0.6282407407407408 0.2128472222222222 0.33865740740740735
5 0.7207971643518518 0.661378761574074 0.2069878472222222 0.3383535879629629
7 0.22820457175925926 0.6495298032407407 0.07975983796296299 0.1250434027777778
2 0.28650896990740743 0.6623336226851851 0.07390046296296293 0.12473958333333335
1 0.23663917824074074 0.1668041087962963 0.031148726851851827 0.06401909722222221
2 0.266796875 0.17228009259259258 0.044936342592592604 0.06863425925925926
3 0.326048900462963 0.18611111111111112 0.046889467592592604 0.06873553240740737
5 0.36597222222222225 0.19209346064814814 0.048842592592592604 0.0688368055555556
1 0.2453559027777778 0.10368200231481481 0.022873263888888884 0.04798900462962963
2 0.2668113425925926 0.10577256944444445 0.030570023148148162 0.04448784722222224
2 0.3183376736111111 0.11626880787037037 0.030627893518518468 0.04644097222222224
1 0.40088252314814815 0.13619791666666667 0.020920138888888884 0.047887731481481455
8 0.34456018518518516 0.12251880787037037 0.030627893518518468 0.04644097222222221
9 0.4213035300925926 0.1401909722222222 0.0326967592592593 0.05044849537037033