1 0.504147465437788 0.2726511627906977 0.056912442396313365 0.3207906976744186
1 0.6471428571428571 0.2702325581395349 0.06322580645161291 0.30311627906976746
5 0.7559907834101383 0.2662325581395349 0.15059907834101383 0.3143720930232558
7 0.6034562211981567 0.5821860465116279 0.15700460829493088 0.307953488372093
5 0.7559907834101383 0.5838139534883721 0.15059907834101383 0.307953488372093
7 0.27138248847926266 0.6744186046511628 0.05857142857142857 0.11386046511627908
2 0.33096774193548384 0.6744186046511628 0.05377880184331797 0.11386046511627908
1 0.19036866359447005 0.19967441860465115 0.02046082949308756 0.05934883720930233
2 0.22055299539170506 0.19809302325581396 0.03313364055299539 0.06255813953488372
3 0.2809216589861751 0.19888372093023254 0.03631336405529954 0.060930232558139535
5 0.32142857142857145 0.19725581395348835 0.03788018433179724 0.060930232558139535
1 0.18797235023041475 0.13474418604651162 0.01566820276497696 0.044930232558139535
2 0.20940092165898616 0.13232558139534883 0.02359447004608295 0.04009302325581395
2 0.26027649769585254 0.13311627906976745 0.02359447004608295 0.04172093023255814
1 0.3452534562211982 0.13474418604651162 0.012442396313364057 0.044930232558139535
8 0.28728110599078344 0.13311627906976745 0.02359447004608295 0.04172093023255814
9 0.3659447004608295 0.13474418604651162 0.025161290322580646 0.044930232558139535