1 0.50390625 0.275 0.05703125 0.31796875
1 0.646875 0.27265625 0.06328125 0.3
5 0.75625 0.26875 0.15078125 0.31171875
7 0.603125 0.58125 0.15703125 0.30546875
5 0.75625 0.5828125 0.15078125 0.30546875
7 0.27109375 0.67265625 0.05859375 0.1125
2 0.33125 0.67265625 0.05390625 0.1125
1 0.190625 0.20234375 0.0203125 0.05859375
2 0.2203125 0.20078125 0.0328125 0.06171875
3 0.28125 0.2015625 0.0359375 0.06015625
5 0.32109375 0.2 0.0375 0.06015625
1 0.18828125 0.13828125 0.015625 0.04453125
2 0.209375 0.1359375 0.0234375 0.03984375
2 0.26015625 0.13671875 0.0234375 0.04140625
1 0.3453125 0.13828125 0.0125 0.04453125
8 0.2875 0.13671875 0.0234375 0.04140625
9 0.365625 0.13828125 0.025 0.04453125