1 0.4792505787037037 0.30788194444444444 0.13797453703703688 0.38703125
1 0.6495109953703704 0.3299797453703704 0.14049768518518527 0.36676504629629625
5 0.7788802083333334 0.34369502314814815 0.2468460648148149 0.39801504629629625
7 0.5506568287037037 0.6866782407407408 0.2537152777777777 0.39265046296296297
5 0.7308680555555556 0.7148813657407407 0.24585648148148137 0.39097222222222217
7 0.14381944444444444 0.7388194444444445 0.09410300925925927 0.14508101851851868
2 0.2140769675925926 0.7491116898148148 0.08861111111111111 0.14421874999999992
1 0.11953414351851852 0.16978877314814816 0.03733217592592593 0.07395833333333335
2 0.15559895833333334 0.17355324074074074 0.053142361111111126 0.0804398148148148
3 0.2266608796296296 0.18461516203703704 0.056197916666666715 0.07814236111111113
5 0.27524884259259264 0.18897569444444445 0.05856481481481488 0.07895833333333332
1 0.12626157407407407 0.09348379629629629 0.028206018518518495 0.05586226851851852
2 0.1524681712962963 0.09426793981481482 0.03668402777777775 0.05208333333333333
2 0.2117534722222222 0.1035503472222222 0.03673032407407408 0.0536458333333333
1 0.3122974537037037 0.12042824074074074 0.024276620370370417 0.05502314814814815
8 0.2435445601851852 0.10815972222222223 0.03673032407407408 0.0536458333333333
9 0.3370225694444445 0.1239699074074074 0.03918981481481474 0.05758680555555555