1 0.5464048032407407 0.333984375 0.10474537037037024 0.2216145833333334
2 0.6695240162037037 0.3470703125 0.20303819444444438 0.27109375
0 0.8486400462962963 0.386328125 0.21271701388888897 0.26588541666666665
1 0.7533203125 0.20826822916666665 0.049898726851851816 0.07552083333333337
2 0.8061414930555555 0.21764322916666667 0.07549189814814827 0.09088541666666661
7 0.5883246527777778 0.8587239583333333 0.10789930555555549 0.17109374999999982
5 0.6930049189814815 0.8783854166666667 0.1353587962962961 0.1807291666666666
8 0.569068287037037 0.6125651041666667 0.21860532407407396 0.26822916666666674
0 0.752003761574074 0.6462239583333333 0.20490451388888875 0.26536458333333335
0 0.8980830439814815 0.23352864583333333 0.07549189814814827 0.09088541666666672
0 0.9626519097222221 0.24563802083333333 0.07152777777777786 0.08671875000000001