1 0.551540798611111 0.2938151041666667 0.11024305555555558 0.21562499999999996
2 0.6747612847222222 0.30071614583333334 0.20889756944444438 0.2612702546296296
0 0.8541449652777777 0.3296657986111111 0.21853298611111116 0.2554832175925926
1 0.7604383680555555 0.15650318287037035 0.052430555555555536 0.07459490740740737
2 0.8133463541666667 0.16392505787037037 0.07808159722222219 0.08650173611111112
7 0.5885633680555555 0.8170645254629629 0.11302083333333335 0.16487268518518516
5 0.6933810763888889 0.8309389467592592 0.1405815972222222 0.1748408564814814
8 0.5723741319444444 0.5720269097222223 0.22447916666666679 0.2594328703703703
0 0.7545572916666667 0.5950954861111111 0.21072048611111116 0.2554253472222223
0 0.9053819444444444 0.17398726851851853 0.07612847222222219 0.08648726851851851
0 0.9664930555555555 0.18230613425925923 0.06701388888888893 0.0825520833333333