1 0.503515625 0.2664814814814815 0.08671875 0.22600694444444444
2 0.636328125 0.26338541666666665 0.18984375 0.26421875000000006
0 0.830859375 0.2773524305555556 0.20078125 0.2575115740740741
1 0.711328125 0.10037326388888887 0.04609375 0.07480324074074077
2 0.769921875 0.10328124999999999 0.07265625 0.0873090277777778
7 0.59921875 0.8220515046296295 0.0984375 0.16932291666666685
5 0.7125 0.8289236111111112 0.128125 0.17645254629629648
8 0.5546875 0.5617476851851851 0.2078125 0.2592824074074073
0 0.753125 0.5703616898148148 0.19375 0.2573032407407407
0 0.869921875 0.10624421296296296 0.0703125 0.08723958333333334
0 0.940234375 0.10989004629629631 0.06875 0.08250578703703706