1 0.5166015625 0.2939453125 0.0771484375 0.20703125
2 0.6396484375 0.2841796875 0.171875 0.23828125
0 0.8203125 0.2890625 0.181640625 0.2314453125
1 0.70703125 0.1298828125 0.041015625 0.068359375
2 0.7607421875 0.1298828125 0.0654296875 0.078125
7 0.6142578125 0.80859375 0.087890625 0.154296875
5 0.7197265625 0.80859375 0.115234375 0.1591796875
8 0.5693359375 0.5673828125 0.1875 0.2333984375
0 0.7529296875 0.56640625 0.1748046875 0.2314453125
0 0.8525390625 0.1279296875 0.064453125 0.078125
0 0.91796875 0.1279296875 0.0625 0.07421875