1 0.5168339768339769 0.29346303501945525 0.07691119691119692 0.20750972762645914
2 0.6398841698841699 0.2845525291828794 0.17177606177606178 0.23832684824902725
0 0.82003861003861 0.28941634241245134 0.18138996138996138 0.23182879377431906
1 0.7066409266409267 0.1296887159533074 0.041467181467181466 0.06809338521400778
2 0.7605405405405405 0.1296887159533074 0.06559845559845559 0.07782101167315175
7 0.6141698841698842 0.8082101167315175 0.08814671814671814 0.1540077821011673
5 0.7194980694980695 0.8090272373540855 0.11548262548262549 0.1588715953307393
8 0.5691119691119692 0.567431906614786 0.18791505791505791 0.23346303501945526
0 0.7524710424710425 0.5666147859922179 0.174980694980695 0.23182879377431906
0 0.8530115830115831 0.1280933852140078 0.06397683397683397 0.07782101167315175
0 0.9181853281853282 0.1280933852140078 0.06235521235521235 0.07459143968871595