9 0.0921875 0.5125 0.05859375 0.1140625
6 0.14921875 0.51171875 0.05546875 0.11171875
1 0.15390625 0.62734375 0.03125 0.04921875
1 0.0078125 0.623046875 0.015625 0.04765625
5 0.0265625 0.62109375 0.01953125 0.04375
5 0.21640625 0.625 0.021875 0.046875
0 0.19140625 0.62578125 0.02578125 0.04609375
8 0.3421875 0.56328125 0.02734375 0.04765625
1 0.37890625 0.5671875 0.025 0.0484375
1 0.40703125 0.471875 0.05546875 0.0984375
7 0.46953125 0.465625 0.0515625 0.09765625
5 0.5265625 0.46953125 0.0484375 0.103125
5 0.4015625 0.56328125 0.01953125 0.0453125
1 0.5265625 0.5671875 0.02734375 0.04375
0 0.56328125 0.56484375 0.02578125 0.04453125
5 0.58671875 0.56484375 0.02109375 0.04453125
8 0.71875 0.51015625 0.0265625 0.04609375
1 0.7578125 0.5140625 0.021875 0.04609375
1 0.78359375 0.40390625 0.0515625 0.10234375
3 0.83984375 0.4015625 0.05234375 0.1078125
2 0.8984375 0.40234375 0.05703125 0.109375
1 0.909375 0.51484375 0.028125 0.04765625
0 0.94609375 0.51171875 0.0265625 0.04609375
5 0.96953125 0.51171875 0.0203125 0.046875