8 0.037109375 0.662109375 0.0244140625 0.0556640625
9 0.150390625 0.5302734375 0.0537109375 0.138671875
6 0.203125 0.529296875 0.05078125 0.13671875
1 0.21484375 0.6669921875 0.013671875 0.052734375
1 0.0751953125 0.6630859375 0.013671875 0.0517578125
5 0.0908203125 0.6630859375 0.0185546875 0.0537109375
5 0.2646484375 0.66796875 0.0205078125 0.0576171875
0 0.2412109375 0.66796875 0.0234375 0.056640625
8 0.3798828125 0.591796875 0.0244140625 0.05859375
1 0.4189453125 0.591796875 0.0126953125 0.048828125
1 0.4521484375 0.4794921875 0.025390625 0.119140625
7 0.49609375 0.47265625 0.046875 0.119140625
5 0.548828125 0.478515625 0.0439453125 0.1259765625
5 0.4345703125 0.5927734375 0.0185546875 0.0556640625
1 0.5556640625 0.5947265625 0.0107421875 0.048828125
0 0.58203125 0.59375 0.0234375 0.0546875
5 0.603515625 0.59375 0.01953125 0.0546875
8 0.724609375 0.52734375 0.0244140625 0.056640625
1 0.7646484375 0.5283203125 0.0107421875 0.048828125
1 0.7939453125 0.3955078125 0.0263671875 0.1201171875
3 0.8349609375 0.3955078125 0.0478515625 0.1318359375
2 0.888671875 0.396484375 0.052734375 0.1328125
1 0.9072265625 0.5302734375 0.0107421875 0.0517578125
0 0.9326171875 0.529296875 0.0244140625 0.056640625
5 0.9541015625 0.529296875 0.0185546875 0.0576171875