8 0.005284288194444445 0.6041883680555555 0.01056857638888889 0.05905671296296289
9 0.1277560763888889 0.48509114583333335 0.07673611111111112 0.1455729166666666
6 0.1802300347222222 0.49016927083333334 0.0727430555555556 0.1435619212962963
1 0.16825086805555556 0.6279513888888889 0.021961805555555547 0.05497685185185186
1 0.03146701388888889 0.6094835069444444 0.02187499999999999 0.05302372685185186
5 0.04700520833333333 0.611205150462963 0.02782118055555556 0.055063657407407485
5 0.2177517361111111 0.6340494791666667 0.030034722222222254 0.06095196759259247
0 0.19444444444444445 0.6314670138888889 0.031901041666666685 0.05902777777777768
8 0.3435329861111111 0.5707031250000001 0.033940972222222254 0.06100983796296289
1 0.3823784722222222 0.5750072337962963 0.019835069444444464 0.05104166666666665
1 0.4340277777777778 0.4668909143518518 0.04444444444444451 0.12167245370370372
7 0.47801649305555555 0.4652633101851852 0.06601562500000002 0.12394386574074079
5 0.5292534722222222 0.4762152777777777 0.06440972222222219 0.13172743055555558
5 0.3978732638888889 0.5777054398148148 0.027907986111111116 0.057016782407407485
1 0.5172526041666667 0.592527488425926 0.01974826388888884 0.04908854166666665
0 0.5434895833333333 0.5950665509259259 0.031814236111111116 0.05707465277777768
5 0.5648871527777778 0.5967013888888889 0.027907986111111116 0.057016782407407485
8 0.6950737847222221 0.5440248842592592 0.03385416666666652 0.05905671296296289
1 0.7338758680555555 0.5493055555555556 0.01974826388888884 0.04908854166666665
1 0.7855034722222223 0.4197193287037037 0.04648437499999991 0.12365451388888893
3 0.8252821180555556 0.42498553240740744 0.07052951388888884 0.1376736111111112
2 0.8786892361111112 0.4310257523148148 0.07452256944444446 0.1396846064814815
1 0.8746093749999999 0.5667390046296297 0.01992187500000009 0.05299479166666665
0 0.8999131944444445 0.5683159722222222 0.03385416666666652 0.05905671296296289
5 0.9213107638888889 0.5699508101851851 0.02799479166666674 0.05896990740740726