8 0.037484375 0.66203125 0.024375 0.05570833333333333
9 0.15059375 0.5304791666666666 0.05390625 0.13883333333333334
6 0.20296875 0.5291979166666666 0.050687499999999996 0.13626041666666666
1 0.214859375 0.6671666666666667 0.014046875 0.052281249999999994
1 0.0750390625 0.6626145833333333 0.013421875 0.05153125
5 0.090453125 0.6631874999999999 0.018195312499999998 0.053843749999999996
5 0.2643359375 0.6678229166666667 0.020328125 0.0573125
0 0.2415390625 0.66840625 0.0233671875 0.05615625
8 0.37986718750000004 0.5919791666666666 0.024734375 0.058479166666666665
1 0.41851562500000006 0.5922708333333334 0.0125703125 0.04863541666666667
1 0.45215625 0.4796666666666667 0.02515625 0.1186875
7 0.49622656249999997 0.47301041666666666 0.0472890625 0.11926041666666666
5 0.5485390625 0.47821874999999997 0.044234375 0.12620833333333334
5 0.434359375 0.59284375 0.0182109375 0.05558333333333333
1 0.555921875 0.5945833333333332 0.0103671875 0.04863541666666667
0 0.5821875000000001 0.5940104166666667 0.0238203125 0.05441666666666667
5 0.6038984375 0.5940104166666667 0.0194765625 0.05441666666666667
8 0.7241640625 0.52771875 0.024656249999999998 0.05615625
1 0.7645390625 0.5285833333333333 0.01075 0.04863541666666667
1 0.7942812499999999 0.3954270833333334 0.025937500000000002 0.12042708333333334
3 0.8353046875000001 0.3954270833333334 0.048070312500000004 0.132
2 0.8887109375 0.396 0.05240625 0.13315625
1 0.9071640625 0.5303229166666666 0.01028125 0.05210416666666667
0 0.93234375 0.5297395833333334 0.024171875000000002 0.05673958333333333
5 0.9540546875 0.5294583333333333 0.018953125 0.0573125