8 0.07295283564814814 0.6530309606481481 0.028747106481481488 0.0575810185185186
9 0.1814670138888889 0.5188440393518519 0.06485821759259258 0.14076967592592582
6 0.23420138888888886 0.5168909143518519 0.06083622685185186 0.138671875
1 0.25115017361111114 0.6542607060185185 0.016796875000000044 0.0532407407407407
1 0.11109664351851851 0.6525969328703703 0.016796875000000017 0.0532407407407407
5 0.12677951388888886 0.6529947916666667 0.022771990740740766 0.05541087962962976
5 0.30107060185185186 0.654369212962963 0.02495659722222221 0.05938946759259256
0 0.2775752314814815 0.6542607060185186 0.028747106481481488 0.0575810185185186
8 0.4128833912037037 0.5758463541666667 0.02886284722222221 0.0595341435185186
1 0.45200376157407407 0.5753761574074074 0.01656539351851849 0.04933449074074092
1 0.4805049189814815 0.46176938657407407 0.03440393518518525 0.1201533564814814
7 0.5241030092592592 0.4542824074074074 0.05588831018518525 0.12094907407407407
5 0.5772424768518518 0.4591652199074074 0.05439814814814814 0.12868923611111105
5 0.46768663194444443 0.5757740162037037 0.022887731481481488 0.05736400462962976
1 0.5890118634259259 0.5751953125 0.0146122685185186 0.04926215277777768
0 0.6153211805555556 0.5732421875 0.026678240740740655 0.05555555555555558
5 0.6368634259259259 0.5734230324074074 0.022771990740740655 0.05541087962962976
8 0.7551142939814814 0.5044487847222222 0.028747106481481488 0.0575810185185186
1 0.7952690972222223 0.5049189814814814 0.0146122685185186 0.04926215277777768
1 0.8196252893518519 0.37091290509259256 0.03647280092592586 0.12217881944444442
3 0.8606987847222223 0.37037037037037035 0.058651620370370416 0.13469328703703698
2 0.9145254629629629 0.37033420138888884 0.06255787037037042 0.13483796296296302
1 0.9380787037037037 0.5035445601851851 0.014843750000000044 0.05316840277777768
0 0.9634693287037037 0.5026041666666666 0.028747106481481488 0.0575810185185186
5 0.9849537037037037 0.5018084490740741 0.02300347222222232 0.05931712962962954