8 0.017152777777777777 0.651484375 0.028315972222222218 0.04415509259259256
9 0.12967881944444443 0.5432118055555556 0.06255208333333333 0.1087037037037037
6 0.18288194444444444 0.5389091435185185 0.059392361111111125 0.10709490740740737
1 0.19774305555555555 0.6433420138888889 0.017309027777777784 0.040868055555555574
1 0.05547743055555556 0.6489641203703703 0.01651041666666666 0.04007523148148149
5 0.07110243055555557 0.6487326388888889 0.022031249999999992 0.04250000000000007
5 0.24741319444444443 0.6398726851851851 0.02364583333333332 0.04486689814814824
0 0.22510416666666666 0.6421556712962964 0.026753472222222196 0.04413194444444439
8 0.363671875 0.5744994212962963 0.02836805555555557 0.04649884259259256
1 0.4027604166666666 0.5727488425925926 0.014895833333333285 0.03770833333333332
1 0.43479166666666663 0.48441261574074074 0.03251736111111114 0.0926388888888889
7 0.4791059027777777 0.47594618055555565 0.05440972222222236 0.09374421296296305
5 0.5322048611111111 0.4763310185185185 0.052187500000000143 0.0991782407407408
5 0.4191927083333333 0.5713339120370371 0.02204861111111107 0.04328125000000007
1 0.542734375 0.5648177083333333 0.012552083333333287 0.037673611111111074
0 0.5693489583333333 0.5620804398148149 0.027517361111111072 0.043362268518518474
5 0.5912499999999999 0.5605844907407407 0.022812499999999857 0.04251157407407398
8 0.711640625 0.5025694444444444 0.02833333333333332 0.04493634259259256
1 0.7526996527777777 0.5000086805555556 0.013333333333333286 0.037685185185185335
1 0.7803645833333334 0.39728877314814814 0.03331597222222218 0.09343171296296297
3 0.8218229166666667 0.3943315972222222 0.05697916666666671 0.10393518518518521
2 0.8753993055555555 0.3908043981481481 0.06090277777777757 0.10477430555555553
1 0.8973697916666667 0.4916174768518518 0.013402777777777786 0.04081018518518533
0 0.9231770833333333 0.4900636574074074 0.027552083333333144 0.044924768518518475
5 0.945095486111111 0.48778645833333334 0.022864583333333143 0.04485532407407415