8 0.0375 0.621875 0.02421875 0.04140625
9 0.15078125 0.52265625 0.05390625 0.10390625
6 0.203125 0.521875 0.05078125 0.10234375
1 0.21484375 0.625 0.0140625 0.0390625
1 0.075 0.621875 0.01328125 0.03828125
5 0.090625 0.62265625 0.01796875 0.040625
5 0.2640625 0.62578125 0.0203125 0.04296875
0 0.24140625 0.6265625 0.0234375 0.0421875
8 0.3796875 0.56875 0.025 0.04375
1 0.41875 0.56953125 0.0125 0.03671875
1 0.45234375 0.484375 0.025 0.0890625
7 0.49609375 0.4796875 0.04765625 0.0890625
5 0.5484375 0.48359375 0.04453125 0.09453125
5 0.434375 0.56953125 0.01796875 0.04140625
1 0.55625 0.57109375 0.01015625 0.03671875
0 0.58203125 0.5703125 0.0234375 0.040625
5 0.60390625 0.5703125 0.01953125 0.040625
8 0.72421875 0.52109375 0.025 0.0421875
1 0.76484375 0.52109375 0.0109375 0.03671875
1 0.79453125 0.421875 0.02578125 0.090625
3 0.83515625 0.421875 0.0484375 0.09921875
2 0.8890625 0.421875 0.05234375 0.1
1 0.90703125 0.52265625 0.01015625 0.0390625
0 0.93203125 0.52265625 0.02421875 0.0421875
5 0.95390625 0.521875 0.01875 0.04296875