2 0.201171875 0.4990234375 0.16015625 0.2705078125
0 0.3583984375 0.4990234375 0.154296875 0.265625
2 0.5166015625 0.498046875 0.1484375 0.267578125
5 0.67578125 0.4990234375 0.1220703125 0.267578125
1 0.1474609375 0.783203125 0.029296875 0.1064453125
2 0.197265625 0.783203125 0.0673828125 0.12109375
0 0.2958984375 0.783203125 0.068359375 0.1201171875
4 0.3671875 0.783203125 0.05859375 0.107421875
1 0.740234375 0.7744140625 0.0234375 0.10546875
1 0.841796875 0.7744140625 0.0244140625 0.107421875
6 0.888671875 0.7744140625 0.0576171875 0.12109375