2 0.1889033564814815 0.5458984375 0.20985243055555558 0.29296875
0 0.34490017361111114 0.521484375 0.20186631944444444 0.287109375
2 0.5009548611111111 0.4951171875 0.19600694444444455 0.287109375
5 0.6598524305555555 0.4716796875 0.17050057870370372 0.283203125
1 0.17154947916666669 0.8349609375 0.048162615740740766 0.109375
2 0.22060908564814816 0.8271484375 0.08981481481481485 0.130859375
0 0.31872829861111107 0.8115234375 0.08975694444444438 0.12890625
4 0.38935908564814814 0.80078125 0.0776331018518519 0.115234375
1 0.758543113425926 0.7333984375 0.04224537037037024 0.107421875
1 0.8595920138888888 0.7177734375 0.044256365740740655 0.109375
6 0.9057219328703703 0.7099609375 0.07999131944444438 0.12890625