1 0.40859375 0.38671875 0.0203125 0.05703125
9 0.4296875 0.3875 0.028125 0.05234375
0 0.465625 0.3875 0.028125 0.05703125
5 0.49375 0.38671875 0.0296875 0.05703125
1 0.5265625 0.38671875 0.02421875 0.06640625
1 0.54921875 0.3859375 0.0234375 0.05859375
1 0.58671875 0.38359375 0.0203125 0.06484375
0 0.60859375 0.38125 0.03203125 0.06796875
1 0.3875 0.503125 0.0765625 0.15625
4 0.478125 0.4953125 0.09453125 0.14921875
4 0.578125 0.49453125 0.09453125 0.15625
9 0.48125 0.66640625 0.1 0.18828125
7 0.5859375 0.65390625 0.0890625 0.16875
0 0.30625 0.83515625 0.059375 0.1078125
1 0.3609375 0.834375 0.0546875 0.09453125
5 0.546875 0.83046875 0.06328125 0.11328125
8 0.60703125 0.82734375 0.0609375 0.11171875