2 0.23676215277777776 0.5068359375 0.19661458333333331 0.28125
0 0.4037543402777778 0.5068359375 0.1865596064814815 0.27734375
1 0.6119068287037037 0.5087890625 0.0946903935185186 0.25
9 0.7337601273148149 0.505859375 0.17708333333333348 0.28125
9 0.2523871527777778 0.796875 0.07928240740740744 0.12109375
0 0.3510923032407407 0.7978515625 0.08514178240740744 0.12109375
1 0.4400318287037037 0.798828125 0.04116030092592593 0.107421875
1 0.7379918981481481 0.787109375 0.03920717592592604 0.107421875
1 0.8063512731481481 0.787109375 0.03920717592592604 0.107421875
1 0.9079861111111112 0.7880859375 0.03949652777777768 0.111328125
2 0.9577907986111112 0.7880859375 0.07986111111111116 0.12890625