2 0.19235243055555556 0.4716927083333333 0.1891840277777778 0.29078125000000005
0 0.35540798611111113 0.4854774305555556 0.17911458333333333 0.2944618055555555
2 0.5158159722222222 0.4952951388888889 0.17824652777777777 0.29053819444444445
7 0.6966232638888888 0.5016579861111111 0.13262152777777772 0.27546874999999993
1 0.10816840277777777 0.7601996527777777 0.04079861111111112 0.1141319444444445
2 0.15889756944444444 0.763671875 0.0786111111111111 0.1290277777777778
0 0.26111979166666666 0.7714149305555555 0.08100694444444442 0.13142361111111106
6 0.3270399305555555 0.7771788194444444 0.07163194444444443 0.13121527777777775
3 0.7014756944444445 0.7933159722222222 0.06850694444444443 0.13114583333333343
1 0.8212760416666667 0.8014496527777778 0.03135416666666657 0.110798611111111
8 0.8696180555555555 0.8068229166666667 0.07163194444444443 0.13121527777777792