2 0.18335909631391203 0.5078002378121285 0.1738882282996433 0.28308561236623064
0 0.3538822829964328 0.5108561236623068 0.16697978596908444 0.28308561236623064
1 0.5682758620689655 0.5146730083234244 0.07079667063020213 0.2556183115338882
7 0.7132342449464923 0.5085671819262783 0.11196195005945303 0.26935196195005945
8 0.16963139120095125 0.8076753864447087 0.07470868014268728 0.1259036860879905
3 0.2753032104637336 0.8095838287752676 0.06476218787158146 0.12513674197384067
0 0.34473246135552915 0.8095838287752676 0.07237812128418548 0.12513674197384067
1 0.6724197384066587 0.8038644470868014 0.030338882282996433 0.11064209274673008
0 0.7227705112960762 0.8038644470868014 0.06847205707491082 0.1274256837098692
0 0.8280618311533888 0.8057728894173602 0.06539833531510107 0.12666468489892985
9 0.9001605231866825 0.8088228299643282 0.06156361474435196 0.12819262782401902