9 0.2456669560185185 0.38646556712962965 0.14198495370370368 0.18279803240740744
2 0.37092737268518516 0.38230613425925924 0.14370659722222223 0.17505787037037035
9 0.5019892939814814 0.3803168402777778 0.13595196759259265 0.1767216435185185
8 0.6252387152777779 0.3780381944444444 0.14186921296296306 0.17889178240740744
9 0.23959780092592592 0.5583043981481481 0.060850694444444464 0.07834201388888884
0 0.316919849537037 0.5553023726851852 0.06280381944444446 0.07841435185185186
2 0.3726707175925926 0.5544343171296297 0.06280381944444446 0.07841435185185186
1 0.6194010416666667 0.542064525462963 0.027300347222222188 0.0653935185185186
0 0.6565682870370371 0.5414858217592593 0.05883969907407405 0.07631655092592604
0 0.734837962962963 0.5394965277777777 0.05883969907407405 0.07631655092592604
3 0.7896412037037037 0.5376157407407407 0.05298032407407405 0.0760995370370372