2 0.22265625 0.478125 0.16171875 0.275
0 0.384375 0.47890625 0.15546875 0.2734375
2 0.54140625 0.48203125 0.1546875 0.27109375
4 0.709375 0.48671875 0.13359375 0.2390625
1 0.146875 0.7703125 0.06953125 0.11875
1 0.2171875 0.76796875 0.06640625 0.1171875
0 0.31328125 0.7640625 0.0703125 0.11640625
4 0.38515625 0.76484375 0.059375 0.1015625
1 0.6875 0.75703125 0.02578125 0.10625
2 0.73515625 0.75625 0.0625 0.11875
1 0.85078125 0.75859375 0.0265625 0.10234375
4 0.89921875 0.76015625 0.0578125 0.1078125