2 0.208984375 0.4775390625 0.1669921875 0.27734375
0 0.3720703125 0.4814453125 0.1591796875 0.2734375
2 0.5302734375 0.484375 0.1552734375 0.27734375
5 0.69140625 0.4873046875 0.1298828125 0.2783203125
1 0.1455078125 0.7666015625 0.033203125 0.107421875
2 0.19921875 0.767578125 0.0693359375 0.1240234375
0 0.298828125 0.7705078125 0.0732421875 0.1259765625
5 0.365234375 0.771484375 0.056640625 0.126953125
1 0.7548828125 0.76953125 0.0234375 0.11328125
1 0.857421875 0.7705078125 0.0263671875 0.11328125
6 0.904296875 0.7734375 0.0576171875 0.126953125