1 0.4109375 0.4140625 0.0453125 0.05703125
9 0.44453125 0.4109375 0.02578125 0.05859375
0 0.48359375 0.41171875 0.02734375 0.059375
5 0.50703125 0.409375 0.0296875 0.05703125
1 0.53828125 0.4109375 0.01953125 0.05859375
1 0.5625 0.40703125 0.01875 0.05546875
1 0.6 0.4078125 0.01796875 0.06171875
0 0.6203125 0.4046875 0.03203125 0.0609375
1 0.39921875 0.52734375 0.0890625 0.16015625
4 0.4953125 0.51875 0.09765625 0.1578125
4 0.5921875 0.51171875 0.09296875 0.1453125
9 0.4921875 0.67734375 0.10390625 0.1734375
7 0.6 0.6703125 0.090625 0.16015625
0 0.3234375 0.84609375 0.05546875 0.11171875
1 0.38125 0.84375 0.0484375 0.09765625
5 0.5640625 0.83984375 0.0578125 0.103125
8 0.6234375 0.834375 0.06171875 0.09921875