2 0.16956018518518517 0.4524811921296297 0.22815393518518523 0.3130642361111111
0 0.3354673032407407 0.47683015046296295 0.22034143518518512 0.3128327546296297
1 0.5459707754629629 0.5086371527777778 0.119140625 0.26691261574074066
7 0.6889105902777777 0.5209852430555555 0.16283275462962976 0.28771701388888893
8 0.09812644675925926 0.7482204861111111 0.09881365740740741 0.13949652777777777
3 0.2009548611111111 0.7637080439814815 0.08890335648148151 0.1353009259259259
0 0.2689163773148148 0.7724247685185186 0.09678819444444442 0.13748553240740735
1 0.5924117476851852 0.8086877893518518 0.05107060185185186 0.11467013888888888
0 0.6419270833333333 0.8150245949074074 0.09295428240740744 0.13932291666666674
0 0.7447554976851851 0.8305121527777778 0.08897569444444464 0.1372540509259259
9 0.8155381944444444 0.8420717592592593 0.08514178240740744 0.1390914351851853