2 0.21909722222222222 0.5414351851851852 0.21961805555555558 0.3043113425925925
0 0.38663194444444443 0.5206597222222222 0.2118923611111111 0.3081597222222221
2 0.5492404513888889 0.49796730324074073 0.21180555555555558 0.3042534722222222
3 0.7147786458333334 0.4752531828703703 0.19804687500000018 0.3002459490740741
1 0.20716145833333333 0.8394241898148148 0.0512586805555556 0.10973668981481488
1 0.7434678819444445 0.7553602430555555 0.047395833333333304 0.11166087962962967
1 0.9119140625 0.7316478587962962 0.045442708333333304 0.11164641203703685
4 0.9606011284722222 0.7254123263888889 0.07879774305555554 0.11973379629629632
2 0.7911458333333333 0.747193287037037 0.0888888888888888 0.13344907407407414
3 0.43211805555555555 0.8094328703703704 0.0868923611111111 0.13148148148148153
0 0.36102430555555554 0.8187500000000001 0.0927951388888888 0.13347800925925934
0 0.2587890625 0.833181423611111 0.0947048611111111 0.13153935185185173