2 0.17554976851851853 0.4881799768518518 0.17824074074074076 0.2782986111111111
0 0.3326750578703703 0.485474537037037 0.17207754629629624 0.27226562499999996
2 0.4907769097222222 0.48274016203703707 0.16631944444444446 0.27404513888888893
5 0.6497540509259259 0.48192997685185185 0.14092881944444446 0.27329282407407407
1 0.10227141203703703 0.7731192129629629 0.03682002314814817 0.10834780092592577
2 0.15202546296296296 0.7726200810185184 0.07669270833333336 0.12513020833333321
0 0.2506076388888889 0.7706741898148148 0.07659143518518519 0.12317708333333321
4 0.3217954282407407 0.7705150462962963 0.06621817129629637 0.11116898148148158
1 0.6949942129629629 0.7565321180555555 0.03085937499999991 0.10622106481481497
1 0.7964554398148148 0.7554759837962963 0.03096064814814814 0.10817418981481497
6 0.8432798032407407 0.7550636574074074 0.0669270833333333 0.12484085648148158