1 0.40625 0.41015625 0.03828125 0.05546875
1 0.52890625 0.40859375 0.028125 0.05859375
1 0.5546875 0.4140625 0.0171875 0.04921875
1 0.5890625 0.4046875 0.0125 0.05078125
9 0.4375 0.4109375 0.02421875 0.06796875
9 0.484375 0.67265625 0.09765625 0.1671875
0 0.47265625 0.4078125 0.02734375 0.05234375
0 0.61328125 0.40703125 0.028125 0.059375
5 0.49765625 0.4078125 0.03203125 0.06171875
1 0.38671875 0.51484375 0.09765625 0.15390625
4 0.48203125 0.51796875 0.0953125 0.14609375
4 0.584375 0.51328125 0.09375 0.1484375
7 0.5875 0.66875 0.0875 0.1625
0 0.31328125 0.8421875 0.0578125 0.109375
1 0.371875 0.84609375 0.053125 0.09140625
5 0.5640625 0.8390625 0.05078125 0.09296875
6 0.61171875 0.83828125 0.059375 0.1015625