2 0.1894415509259259 0.5292534722222222 0.20879629629629629 0.2983564814814814
0 0.3592853009259259 0.5199623842592593 0.20029513888888886 0.301417824074074
2 0.5233506944444445 0.5078935185185185 0.19937500000000002 0.2967245370370371
3 0.6909201388888888 0.49624131944444444 0.18680555555555553 0.29428819444444443
1 0.14587962962962964 0.8258709490740742 0.046944444444444414 0.10813657407407433
1 0.6888368055555556 0.7775376157407408 0.04234953703703699 0.11122685185185191
1 0.8595659722222223 0.7647366898148149 0.04078703703703681 0.11121527777777782
4 0.9112094907407406 0.7623842592592592 0.07690972222222214 0.11773148148148156
2 0.7377922453703704 0.7736024305555556 0.0843344907407408 0.13106481481481486
3 0.3741116898148148 0.8107609953703703 0.0827025462962963 0.12870949074074076
0 0.3012818287037037 0.816082175925926 0.08821759259259263 0.13031250000000014
0 0.1990972222222222 0.8231394675925927 0.0897337962962963 0.12876157407407404