1 0.4375 0.3734375 0.03203125 0.0546875
9 0.459375 0.37109375 0.01875 0.05859375
0 0.490625 0.375 0.02109375 0.05078125
5 0.51328125 0.36953125 0.02734375 0.05234375
1 0.53671875 0.37421875 0.02109375 0.05703125
1 0.55625 0.37421875 0.01875 0.04921875
1 0.58984375 0.37421875 0.015625 0.05859375
0 0.60625 0.36796875 0.02421875 0.0546875
1 0.42109375 0.46171875 0.07578125 0.125
4 0.5015625 0.46015625 0.08046875 0.1265625
4 0.58125 0.4609375 0.0828125 0.1265625
9 0.4953125 0.60546875 0.08046875 0.1625
7 0.584375 0.590625 0.084375 0.1390625
0 0.35078125 0.72890625 0.04296875 0.10078125
1 0.39609375 0.73046875 0.0453125 0.096875
5 0.55390625 0.7359375 0.0484375 0.0859375
8 0.6046875 0.734375 0.05078125 0.0765625