2 0.20294416243654823 0.48417371686407223 0.1667061477721376 0.2753130287648054
0 0.36465313028764806 0.4858714043993232 0.15649746192893402 0.28006204173716864
2 0.5236548223350254 0.4838353073886069 0.15578116187253244 0.27599548787366046
7 0.7023181049069375 0.4767174280879865 0.11166384658770445 0.2644670050761421
1 0.14126339537507052 0.7747433728144387 0.032498589960518895 0.11053017484489566
2 0.1914382402707276 0.7747433728144387 0.0690975747320925 0.12274111675126904
0 0.2921263395375071 0.7747433728144387 0.07111111111111111 0.12409475465313029
6 0.3578962210941906 0.7754258319232938 0.06160180485053581 0.12545403271291597
3 0.7287084038353074 0.7644218838127467 0.05859560067681895 0.1254371122391427
1 0.8474111675126904 0.7632036097010717 0.02314156796390299 0.10833051325437112
8 0.8952566271855612 0.7648279751833051 0.06181613085166384 0.1254371122391427