2 0.1965273690406121 0.5013419658622719 0.16811653914067098 0.2770100058858152
0 0.3626309593878752 0.5072866391995291 0.16042966450853444 0.28041200706297825
2 0.5249087698646263 0.5170570924072985 0.16208946439081812 0.2778634490876986
4 0.69781047675103 0.522160094173043 0.14250735726898175 0.25237198351971746
1 0.13196586227192467 0.7876986462625073 0.035585638610947615 0.10366686286050618
1 0.20078281341965862 0.7915244261330194 0.03557386698057681 0.10451442024720424
0 0.2814949970570924 0.7944967628016479 0.0746380223660977 0.11896409652736904
4 0.35541494997057094 0.7966215420835786 0.06272513243084167 0.1096174220129488
1 0.7347733961153621 0.8042672160094173 0.031194820482636845 0.10791642142436728
1 0.8358799293702178 0.8085167745732784 0.0277751618599176 0.11131253678634491
5 0.8855797527957622 0.811912889935256 0.05410241318422602 0.12490876986462625