1 0.415625 0.3921875 0.01953125 0.0546875
9 0.43515625 0.39296875 0.02734375 0.04921875
0 0.4703125 0.39296875 0.02734375 0.0546875
5 0.496875 0.3921875 0.028125 0.0546875
1 0.528125 0.3921875 0.0234375 0.06328125
1 0.54921875 0.39140625 0.021875 0.05546875
1 0.58515625 0.3890625 0.01953125 0.06171875
0 0.60546875 0.38671875 0.03046875 0.06484375
1 0.3953125 0.503125 0.07265625 0.1484375
4 0.48203125 0.4953125 0.090625 0.14296875
4 0.57734375 0.49453125 0.090625 0.1484375
9 0.484375 0.659375 0.0953125 0.1796875
7 0.58515625 0.64765625 0.08515625 0.1609375
0 0.3171875 0.8203125 0.05703125 0.103125
1 0.36953125 0.81875 0.0515625 0.090625
5 0.54765625 0.815625 0.06015625 0.1078125
8 0.6046875 0.8125 0.0578125 0.10703125