1 0.3984375 0.3609375 0.04453125 0.05234375
9 0.42578125 0.36015625 0.0234375 0.05546875
0 0.45859375 0.36171875 0.02578125 0.05546875
5 0.4796875 0.36171875 0.02734375 0.05234375
1 0.50546875 0.3578125 0.02109375 0.053125
1 0.525 0.35859375 0.01953125 0.04921875
1 0.55625 0.3609375 0.015625 0.05703125
0 0.5765625 0.35546875 0.0296875 0.05859375
1 0.3828125 0.45546875 0.09296875 0.13515625
1 0.365625 0.72265625 0.04453125 0.08671875
4 0.46796875 0.45078125 0.08671875 0.125
4 0.5484375 0.44375 0.090625 0.11640625
9 0.459375 0.59921875 0.0953125 0.16015625
7 0.55546875 0.5796875 0.0890625 0.15
5 0.52265625 0.72265625 0.05546875 0.090625
8 0.571875 0.7265625 0.04453125 0.0765625
0 0.31484375 0.72265625 0.0515625 0.09296875