2 0.1962890625 0.5009765625 0.16796875 0.27734375
0 0.3623046875 0.5068359375 0.16015625 0.2802734375
2 0.525390625 0.5166015625 0.162109375 0.2783203125
4 0.6982421875 0.5224609375 0.142578125 0.251953125
1 0.1318359375 0.7880859375 0.03515625 0.103515625
1 0.201171875 0.7919921875 0.03515625 0.1044921875
0 0.28125 0.794921875 0.07421875 0.119140625
4 0.35546875 0.796875 0.0625 0.109375
1 0.734375 0.8046875 0.03125 0.1083984375
1 0.8359375 0.80859375 0.02734375 0.111328125
5 0.8857421875 0.8115234375 0.0537109375 0.125