2 0.18359375 0.5078125 0.173828125 0.283203125
0 0.353515625 0.5107421875 0.1669921875 0.283203125
1 0.568359375 0.5146484375 0.0703125 0.255859375
7 0.712890625 0.5087890625 0.1123046875 0.26953125
8 0.169921875 0.8076171875 0.0751953125 0.1259765625
3 0.275390625 0.8095703125 0.064453125 0.125
0 0.3447265625 0.8095703125 0.072265625 0.125
1 0.6728515625 0.8037109375 0.0302734375 0.1103515625
0 0.72265625 0.8037109375 0.068359375 0.126953125
0 0.828125 0.8056640625 0.0654296875 0.126953125
9 0.900390625 0.80859375 0.0615234375 0.1279296875