1 0.4234375 0.38203125 0.03359375 0.05625
9 0.44609375 0.3796875 0.01875 0.06015625
0 0.478125 0.38359375 0.021875 0.05234375
5 0.5015625 0.378125 0.028125 0.05390625
1 0.52578125 0.3828125 0.021875 0.059375
1 0.54609375 0.3828125 0.01875 0.0515625
1 0.58125 0.38203125 0.01640625 0.06015625
0 0.5984375 0.3765625 0.02578125 0.05625
1 0.40625 0.4734375 0.078125 0.1296875
4 0.48984375 0.471875 0.08359375 0.13125
4 0.571875 0.47265625 0.0859375 0.13125
9 0.48359375 0.62265625 0.08359375 0.16875
7 0.575 0.60703125 0.0875 0.14375
0 0.3328125 0.75 0.04453125 0.10390625
1 0.38046875 0.75234375 0.04765625 0.1
5 0.54375 0.7578125 0.05 0.0890625
8 0.59609375 0.75625 0.05234375 0.0796875