2 0.16660156250000002 0.5024305555555555 0.18440393518518516 0.27858796296296306
0 0.33226996527777775 0.509519675925926 0.1768229166666666 0.28243634259259265
2 0.49477719907407414 0.5204933449074074 0.17854456018518516 0.27854456018518525
4 0.6672815393518519 0.5276331018518519 0.15750868055555545 0.2530092592592592
1 0.08513454861111111 0.7890625 0.041290509259259256 0.10377604166666665
1 0.15423900462962964 0.793482349537037 0.04140624999999998 0.10572916666666665
0 0.23414351851851853 0.7970052083333333 0.0812789351851852 0.11969039351851851
4 0.30824652777777783 0.7995081018518518 0.06898148148148153 0.10983796296296289
1 0.6866898148148148 0.8101273148148148 0.03773148148148153 0.10960648148148144
1 0.7880208333333334 0.8147858796296297 0.03394097222222214 0.11153067129629646
5 0.8376519097222221 0.8180844907407407 0.06209490740740753 0.1254050925925927