2 0.1499652777777778 0.48753472222222227 0.2053472222222222 0.31534722222222217
0 0.33454861111111106 0.4928125 0.19513888888888892 0.3127777777777778
1 0.5618055555555556 0.5014409722222222 0.09515624999999997 0.27619791666666665
9 0.6962847222222223 0.5031423611111111 0.18348958333333343 0.31564236111111105
9 0.13435763888888888 0.8052256944444445 0.08189236111111109 0.1361284722222223
0 0.24309027777777778 0.8090624999999999 0.0881423611111111 0.1362673611111113
1 0.34052083333333333 0.8143229166666666 0.04092013888888886 0.1196006944444445
1 0.6695052083333334 0.8105295138888888 0.03935763888888886 0.11956597222222243
1 0.7438020833333333 0.8123958333333334 0.038576388888888855 0.11954861111111086
1 0.8556770833333334 0.8169444444444445 0.03866319444444457 0.12345486111111122
2 0.9100520833333334 0.8192534722222222 0.08282986111111086 0.1431770833333335