1 0.4078125 0.3828125 0.040625 0.059375
1 0.53828125 0.38125 0.03046875 0.0625
1 0.565625 0.3875 0.01796875 0.053125
1 0.60234375 0.37734375 0.01328125 0.05390625
9 0.44140625 0.384375 0.0265625 0.07265625
9 0.490625 0.66328125 0.10390625 0.178125
0 0.478125 0.38046875 0.02890625 0.05546875
0 0.628125 0.3796875 0.03046875 0.06328125
5 0.5046875 0.38046875 0.034375 0.06640625
1 0.38671875 0.49453125 0.10390625 0.1640625
4 0.48828125 0.4984375 0.1015625 0.15625
4 0.59765625 0.49296875 0.1 0.15859375
7 0.60078125 0.659375 0.09375 0.1734375
0 0.30859375 0.84375 0.06171875 0.11640625
1 0.3703125 0.84765625 0.05625 0.09765625
5 0.57578125 0.83984375 0.05390625 0.09921875
6 0.6265625 0.83984375 0.06328125 0.10859375