2 0.19894299944659657 0.5018262313226342 0.17131710016602103 0.2776701715550636
0 0.3665744327614831 0.5051909241837299 0.1623021582733813 0.2754233536247925
1 0.5738682899833979 0.5100553403431101 0.07245157719977863 0.24773104593248477
9 0.6962202545655782 0.5100553403431101 0.1509961261759823 0.27916436081903706
9 0.18809629219701163 0.7914720531267294 0.0673049252905368 0.12049806308799114
0 0.28687880464858884 0.7937133370226895 0.0732650802434975 0.12049806308799114
1 0.3759324847814056 0.7970835639180962 0.03133923630326508 0.10777531820697288
1 0.6752739346983951 0.7903486441615939 0.029767570558937466 0.10777531820697288
1 0.7429994465965688 0.7910957387935805 0.029003873824017708 0.10777531820697288
1 0.844775871610404 0.7940896513558384 0.028981737686773656 0.11076923076923077
2 0.8945379081350304 0.795213060320974 0.06863309352517985 0.12648588821250692