1 0.4109375 0.4125 0.05 0.0625
9 0.44765625 0.409375 0.028125 0.0640625
0 0.490625 0.41015625 0.0296875 0.065625
5 0.51640625 0.40703125 0.0328125 0.0625
1 0.55078125 0.409375 0.021875 0.0640625
1 0.57734375 0.40546875 0.0203125 0.0609375
1 0.61796875 0.40625 0.0203125 0.06796875
0 0.640625 0.40234375 0.03515625 0.06640625
1 0.3984375 0.5375 0.09765625 0.17578125
4 0.50390625 0.528125 0.10703125 0.17265625
4 0.61015625 0.51953125 0.1015625 0.159375
9 0.5 0.7015625 0.1140625 0.190625
7 0.61796875 0.69375 0.09921875 0.17578125
0 0.31484375 0.88671875 0.0609375 0.12265625
1 0.378125 0.884375 0.053125 0.1078125
5 0.57890625 0.88046875 0.0640625 0.11328125
8 0.64453125 0.87421875 0.06796875 0.10859375