2 0.203125 0.484375 0.1669921875 0.275390625
0 0.3642578125 0.486328125 0.15625 0.2802734375
2 0.5234375 0.4833984375 0.15625 0.2763671875
7 0.7021484375 0.4765625 0.111328125 0.2646484375
1 0.1416015625 0.7744140625 0.0322265625 0.1103515625
2 0.19140625 0.7744140625 0.0693359375 0.123046875
0 0.2919921875 0.7744140625 0.0712890625 0.1240234375
6 0.357421875 0.775390625 0.0615234375 0.125
3 0.728515625 0.7646484375 0.05859375 0.125
1 0.84765625 0.763671875 0.0234375 0.1083984375
8 0.8955078125 0.7646484375 0.0615234375 0.125