9 0.29094328703703703 0.3387586805555556 0.14532696759259256 0.180714699074074
2 0.41731770833333337 0.3485677083333333 0.1469907407407407 0.1729166666666666
9 0.5477068865740741 0.36127748842592594 0.13925057870370372 0.1748119212962963
8 0.6712239583333333 0.3730613425925926 0.14518229166666652 0.176808449074074
9 0.26985677083333337 0.5079065393518518 0.0614872685185186 0.07855902777777768
0 0.3472583912037037 0.5141710069444445 0.0653935185185186 0.07858796296296289
2 0.40313946759259256 0.5196180555555556 0.06336805555555558 0.0766203703703705
1 0.6498842592592593 0.5353732638888888 0.02973090277777768 0.06465567129629646
0 0.6871021412037037 0.5380280671296296 0.06134259259259256 0.07465277777777768
0 0.7655164930555556 0.5452618634259259 0.06134259259259256 0.07465277777777768
3 0.820384837962963 0.5497395833333334 0.05548321759259256 0.07460937500000009