8 0.2380642361111111 0.4264322916666667 0.16485821759259256 0.19635416666666672
7 0.39453125 0.42220052083333337 0.11585648148148153 0.18138020833333335
3 0.5146484375 0.4302083333333333 0.14526909722222214 0.19114583333333335
2 0.6456380208333333 0.4301432291666667 0.15308159722222214 0.19166666666666665
9 0.24131944444444445 0.6026041666666666 0.06365740740740738 0.08229166666666687
0 0.32244646990740744 0.603125 0.06756365740740744 0.0825520833333333
2 0.37914496527777775 0.6029947916666667 0.06362847222222223 0.08033854166666665
1 0.6372902199074073 0.5977213541666666 0.030251736111110983 0.06640625
0 0.6783347800925926 0.5985026041666667 0.06359953703703702 0.07838541666666665
0 0.7594762731481481 0.5980468750000001 0.06555266203703702 0.07851562500000009
7 0.8230396412037038 0.5964192708333333 0.047945601851851816 0.07539062500000004