2 0.19459635416666665 0.4853515625 0.20186631944444444 0.30794270833333326
0 0.3620876736111111 0.5180338541666667 0.19214409722222225 0.3092447916666665
2 0.5247829861111111 0.546484375 0.19401041666666674 0.30546874999999996
3 0.6913411458333334 0.5771484375 0.18029513888888893 0.30260416666666656
1 0.09843750000000001 0.7635416666666667 0.04535590277777779 0.11028645833333339
1 0.6383029513888889 0.8513671875 0.039583333333333304 0.1138020833333333
1 0.8078125 0.8812500000000001 0.03758680555555571 0.11171875000000009
4 0.8584201388888889 0.8924479166666667 0.07486979166666674 0.12200520833333339
2 0.6870225694444445 0.8595052083333333 0.08098958333333339 0.13411458333333326
3 0.3234375 0.8049479166666667 0.07899305555555558 0.13203125000000004
0 0.25234375 0.7914062500000001 0.08489583333333339 0.1343749999999999
0 0.15006510416666669 0.7728515625 0.08680555555555558 0.13255208333333335