8 0.25248914616497825 0.38900586813945465 0.14748673420164013 0.17280635139799794
7 0.4105547515677762 0.3880876769071453 0.09978292329956584 0.1647014152571626
3 0.529416304872166 0.39745598895409046 0.1280028943560058 0.1706213324128409
2 0.661365171249397 0.4004142216085606 0.13555233960443802 0.1706213324128409
9 0.24327062228654125 0.5629962029685882 0.05685962373371925 0.07317915084570245
0 0.3245441389290883 0.5662754573696928 0.059252291365171246 0.072143596824301
2 0.38218041485769416 0.5676561960648947 0.056830680173661365 0.072143596824301
1 0.641013024602026 0.567138419054194 0.023603473227206948 0.06213324128408699
0 0.681287988422576 0.5681739730755955 0.056874095513748196 0.07041767345529859
0 0.762561505065123 0.5707628581290991 0.05830197780993729 0.07076285812909906
7 0.8257452966714905 0.5697273041076976 0.04092136999517607 0.0680013807386952