9 0.29064236111111114 0.39609375 0.13145254629629638 0.19140625
2 0.3906394675925926 0.3828125 0.13202546296296297 0.184375
9 0.49571469907407406 0.36953125 0.1258217592592592 0.1859375
8 0.5953674768518519 0.3578125 0.13055555555555554 0.1875
9 0.31048900462962964 0.578125 0.0555787037037037 0.0828125
0 0.3727228009259259 0.569140625 0.057922453703703705 0.0828125
2 0.41670138888888886 0.563671875 0.056359953703703704 0.0828125
1 0.6141782407407408 0.53125 0.02935763888888889 0.06796875
0 0.6441290509259259 0.526953125 0.054728009259259205 0.08046875
0 0.7075810185185185 0.51953125 0.05392361111111103 0.0796875
3 0.7515596064814816 0.5140625 0.05004050925925938 0.08046875