2 0.2041015625 0.4970703125 0.171875 0.2802734375
0 0.373046875 0.50390625 0.162109375 0.2841796875
2 0.537109375 0.5078125 0.1630859375 0.2802734375
3 0.705078125 0.5126953125 0.150390625 0.279296875
1 0.138671875 0.7880859375 0.033203125 0.1044921875
1 0.6826171875 0.79296875 0.0283203125 0.1083984375
1 0.853515625 0.796875 0.0263671875 0.1083984375
4 0.904296875 0.7998046875 0.0625 0.111328125
2 0.7314453125 0.79296875 0.0673828125 0.1240234375
3 0.3662109375 0.794921875 0.06640625 0.1220703125
0 0.2939453125 0.79296875 0.0712890625 0.123046875
0 0.19140625 0.7900390625 0.0732421875 0.12109375