2 0.20396269078575466 0.4972357263990955 0.17196721311475408 0.28068400226116447
0 0.37333521763708305 0.5036517806670435 0.16211984171848504 0.2844601469756925
2 0.5374279253815716 0.5081797625777276 0.1628377614471453 0.27993216506500845
3 0.7052911249293387 0.5123289994347089 0.14997173544375353 0.27918032786885244
1 0.13833239118145846 0.7881119276427361 0.033165630299604294 0.1048784624081402
1 0.6822894290559638 0.7930130016958733 0.028507631430186545 0.10865460712266818
1 0.8531712832108536 0.7967891464104013 0.02620689655172414 0.10865460712266818
4 0.9044714527981911 0.7994290559638214 0.06240814019219899 0.11091577162238553
2 0.7313227812323346 0.793391746749576 0.06772752967778406 0.12449971735443754
3 0.36617297908422836 0.79527981910684 0.06630864895421142 0.12223289994347088
0 0.2941266252119841 0.793391746749576 0.07160542679479932 0.1229903900508762
0 0.19152063312605994 0.7903730921424534 0.07313736574335783 0.12148106274731486