2 0.20902600996126175 0.4777697841726619 0.16656889872717212 0.27697841726618705
0 0.37191477587161037 0.4811400110680686 0.1589540675152186 0.2736137244050913
2 0.5301715550636413 0.48450470392916434 0.15554510237963476 0.27697841726618705
5 0.6909518539014942 0.4870337576092972 0.13025456557830659 0.27866629773104595
1 0.14589928057553955 0.766115107913669 0.033580520199225236 0.10776425013835085
2 0.19935251798561152 0.767382401770891 0.06976203652462645 0.12375760929717763
0 0.298682899833979 0.7703265080243498 0.07311012728278916 0.12628112894299945
5 0.36560597675705586 0.7715882678472606 0.05710016602102933 0.1271223021582734
1 0.7545157719977864 0.7699059214167128 0.02333148865522966 0.1136524626452684
1 0.8572108467072496 0.7707470946319868 0.026674045379081354 0.1136524626452684
6 0.904770337576093 0.7732706142778085 0.05781405644714997 0.1271223021582734