9 0.2656448814343551 0.35999113867966326 0.12486408328513592 0.16880815241470978
2 0.3911393869288606 0.36065573770491804 0.12830537883169463 0.16216216216216217
9 0.5221226142278774 0.3622064687638458 0.11959514170040486 0.1643774922463447
8 0.645882012724118 0.36442179884802833 0.12534991324465009 0.16526362428001773
9 0.25292654713707347 0.5310146211785556 0.053157894736842105 0.07310589277802393
0 0.33013302486986695 0.5314576871953921 0.056032388663967606 0.07310589277802393
2 0.3853614806246385 0.5321222862206468 0.05427993059572007 0.07266282676118742
1 0.6328744939271255 0.5279131590607 0.021839213418160787 0.06247230837394772
0 0.6698843262001157 0.5279131590607 0.051902834008097164 0.07044749667700487
0 0.7488201272411799 0.5292423571112096 0.05130711393869288 0.07044749667700487
3 0.8034702139965298 0.5296854231280461 0.04608444187391556 0.07133362871067789