2 0.1929253472222222 0.486328125 0.20785879629629628 0.31796875
0 0.37116319444444446 0.476953125 0.20064236111111108 0.31171875
2 0.5513310185185185 0.466796875 0.1944618055555555 0.3140625
5 0.731958912037037 0.458984375 0.164704861111111 0.31171875
1 0.1580815972222222 0.81328125 0.043478009259259265 0.12265625
2 0.21383680555555556 0.809765625 0.08780671296296294 0.1421875
0 0.3269560185185185 0.804296875 0.0893229166666667 0.140625
4 0.40809027777777784 0.800390625 0.07716435185185197 0.12578125
1 0.8317390046296296 0.76796875 0.03642361111111114 0.121875
1 0.9463975694444444 0.76171875 0.03803240740740747 0.1234375
6 0.9805092592592594 0.758984375 0.03898148148148124 0.14140625