2 0.16907552083333333 0.525390625 0.22291666666666665 0.296875
0 0.32962239583333336 0.5048828125 0.21328124999999998 0.298828125
2 0.4884765625 0.48046875 0.21302083333333333 0.294921875
7 0.6673828125000001 0.4482421875 0.1649739583333334 0.27734375
1 0.12884114583333334 0.8212890625 0.05442708333333335 0.11328125
2 0.178125 0.814453125 0.09466145833333334 0.130859375
0 0.27864583333333337 0.80078125 0.09674479166666661 0.1328125
6 0.3445963541666667 0.79296875 0.08697916666666661 0.1328125
3 0.7139973958333333 0.73046875 0.08502604166666661 0.1328125
1 0.8333333333333333 0.712890625 0.04648437499999991 0.111328125
8 0.8815755208333333 0.70703125 0.08697916666666661 0.1328125