2 0.22197627314814813 0.45240885416666665 0.21783854166666666 0.31276041666666665
0 0.3819372106481481 0.4893880208333333 0.20617766203703702 0.3139322916666667
2 0.5398292824074074 0.5223307291666667 0.2060619212962962 0.3100260416666667
7 0.7182002314814815 0.5556640625 0.1586660879629629 0.28932291666666665
1 0.12469618055555555 0.7217447916666666 0.05218460648148146 0.11653645833333348
2 0.17375578703703703 0.7328125 0.09182581018518521 0.138671875
0 0.273828125 0.755078125 0.09377893518518521 0.13880208333333321
6 0.33862847222222225 0.77109375 0.08401331018518521 0.1381510416666667
3 0.7081814236111111 0.8425130208333333 0.08206018518518521 0.13802083333333348
1 0.8258897569444444 0.8679036458333333 0.04431423611111107 0.11406249999999996
8 0.8740017361111111 0.8798828125 0.08401331018518521 0.1381510416666667