2 0.43046875 0.3671875 0.0359375 0.06015625
2 0.578125 0.36640625 0.028125 0.05625
2 0.646875 0.36328125 0.0265625 0.0625
0 0.459375 0.36875 0.028125 0.0640625
0 0.6203125 0.6546875 0.10078125 0.178125
0 0.3296875 0.82421875 0.06015625 0.1046875
1 0.41640625 0.48515625 0.07421875 0.17265625
1 0.62265625 0.36328125 0.021875 0.065625
3 0.5046875 0.36796875 0.03046875 0.06875
7 0.53203125 0.36484375 0.03671875 0.06015625
3 0.51015625 0.4828125 0.08046875 0.17421875
8 0.6125 0.47890625 0.09296875 0.16875
9 0.5109375 0.6578125 0.09921875 0.18515625
5 0.38515625 0.821875 0.05625 0.10234375
7 0.596875 0.82734375 0.06015625 0.10234375
3 0.64765625 0.825 0.05625 0.10078125