2 0.18203125 0.46484375 0.1703125 0.290625
0 0.35234375 0.465625 0.1640625 0.28828125
2 0.51875 0.46875 0.16328125 0.2859375
4 0.6953125 0.47421875 0.140625 0.25234375
1 0.1015625 0.7734375 0.0734375 0.12578125
1 0.1765625 0.7703125 0.06953125 0.1234375
0 0.27734375 0.76640625 0.0734375 0.1234375
4 0.353125 0.7671875 0.0625 0.10703125
1 0.67265625 0.759375 0.02734375 0.11171875
2 0.72265625 0.75859375 0.065625 0.125
1 0.84453125 0.7609375 0.028125 0.10859375
4 0.89609375 0.7625 0.0609375 0.11328125