2 0.2015405701754386 0.49890350877192985 0.16054276315789473 0.27046600877192983
0 0.35808662280701753 0.49870065789473683 0.153859649122807 0.2659265350877193
2 0.5166940789473684 0.49834429824561405 0.14883223684210528 0.2680646929824561
5 0.6760197368421053 0.49941337719298246 0.12241776315789474 0.2673519736842105
1 0.14744517543859648 0.7831633771929825 0.029161184210526315 0.10622807017543859
2 0.19698464912280703 0.7828070175438596 0.0669298245614035 0.12120065789473684
0 0.2960690789473684 0.7835252192982457 0.06833333333333333 0.11977521929824561
4 0.36700109649122803 0.7831633771929825 0.05904605263157895 0.10765350877192983
1 0.7405427631578947 0.7742543859649123 0.02331688596491228 0.10551535087719299
1 0.8417653508771931 0.7742543859649123 0.024714912280701752 0.10694078947368421
6 0.888876096491228 0.7742543859649123 0.05762609649122807 0.12120065789473684