9 0.265625 0.3603515625 0.125 0.1689453125
2 0.3916015625 0.3603515625 0.1279296875 0.162109375
9 0.5224609375 0.3623046875 0.119140625 0.1640625
8 0.6455078125 0.3642578125 0.125 0.1650390625
9 0.2529296875 0.53125 0.052734375 0.0732421875
0 0.330078125 0.53125 0.0556640625 0.0732421875
2 0.3857421875 0.5322265625 0.0546875 0.072265625
1 0.6328125 0.5283203125 0.021484375 0.0625
0 0.669921875 0.5283203125 0.0517578125 0.0703125
0 0.7490234375 0.529296875 0.0517578125 0.0703125
3 0.8037109375 0.529296875 0.0458984375 0.0712890625