2 0.19921875 0.501953125 0.1708984375 0.27734375
0 0.3662109375 0.5048828125 0.162109375 0.275390625
1 0.57421875 0.509765625 0.072265625 0.248046875
9 0.6962890625 0.509765625 0.1513671875 0.279296875
9 0.1884765625 0.791015625 0.0673828125 0.1201171875
0 0.287109375 0.7939453125 0.0732421875 0.1201171875
1 0.3759765625 0.796875 0.03125 0.107421875
1 0.6748046875 0.7900390625 0.029296875 0.107421875
1 0.7431640625 0.791015625 0.029296875 0.107421875
1 0.8447265625 0.7939453125 0.029296875 0.1103515625
2 0.89453125 0.794921875 0.068359375 0.126953125