8 0.3403559027777778 0.4034056712962963 0.13028356481481485 0.20221064814814813
7 0.4660619212962963 0.4047569444444445 0.09182870370370359 0.18935763888888885
3 0.5595746527777778 0.41799479166666664 0.11460069444444443 0.19784143518518515
2 0.6637442129629629 0.4234982638888889 0.12086226851851851 0.19880787037037032
9 0.3195399305555556 0.5961255787037038 0.05045717592592593 0.08505208333333343
0 0.38388310185185187 0.6016377314814815 0.052008101851851854 0.08431712962962976
2 0.4299189814814815 0.6041782407407407 0.05044560185185176 0.08427083333333343
1 0.6348466435185186 0.6082581018518518 0.023686342592592523 0.0702025462962963
0 0.6668315972222223 0.6104340277777778 0.05041087962962969 0.08192708333333343
0 0.7315885416666668 0.6143721064814814 0.0512037037037036 0.0827314814814816
7 0.7815653935185185 0.614453125 0.037864583333333354 0.07843171296296295