2 0.4375 0.37109375 0.034375 0.05859375
2 0.58203125 0.37109375 0.02734375 0.0546875
2 0.64765625 0.36796875 0.02578125 0.0609375
0 0.46640625 0.3734375 0.02734375 0.06171875
0 0.621875 0.65078125 0.09765625 0.17265625
0 0.340625 0.81484375 0.0578125 0.1015625
1 0.42421875 0.48515625 0.071875 0.1671875
1 0.62421875 0.36796875 0.02109375 0.06328125
3 0.509375 0.371875 0.0296875 0.0671875
7 0.53671875 0.36875 0.0359375 0.05859375
3 0.515625 0.48359375 0.078125 0.16875
8 0.61484375 0.4796875 0.090625 0.1640625
9 0.515625 0.653125 0.096875 0.1796875
5 0.39453125 0.8125 0.0546875 0.09921875
7 0.6 0.8171875 0.0578125 0.09921875
3 0.6484375 0.815625 0.0546875 0.09765625