2 0.15729166666666666 0.4628472222222222 0.24127604166666672 0.32003761574074074
0 0.3211588541666667 0.5036820023148147 0.2334635416666666 0.3196325231481483
1 0.5293619791666667 0.5556351273148148 0.130859375 0.2695457175925926
7 0.6716145833333333 0.5826099537037037 0.1772135416666667 0.2933593750000001
8 0.07135416666666666 0.7523726851851852 0.10481770833333334 0.1416811342592592
3 0.17356770833333335 0.777271412037037 0.09492187500000004 0.1392216435185185
0 0.24108072916666667 0.7935112847222223 0.10273437500000004 0.13962673611111098
1 0.5619140625 0.8611038773148149 0.05638020833333335 0.11581307870370372
0 0.6111328125 0.8724754050925926 0.09895833333333348 0.14137731481481475
0 0.7132812500000001 0.8983506944444445 0.09505208333333348 0.1411747685185185
9 0.7826171875000001 0.9166449652777777 0.09114583333333348 0.14097222222222205