8 0.2968388310185185 0.35747251157407406 0.1841001157407407 0.19266493055555556
7 0.4546079282407407 0.37913773148148144 0.1342592592592593 0.1786313657407408
3 0.5727719907407407 0.4063657407407407 0.16427951388888884 0.18861400462962963
2 0.7052228009259259 0.4288194444444444 0.17209201388888884 0.18867187500000004
9 0.2763671875 0.5291015625 0.07233796296296302 0.0805700231481481
0 0.3564814814814815 0.543359375 0.07429108796296302 0.0805844907407407
2 0.41474971064814814 0.5525752314814815 0.07233796296296302 0.0805700231481481
1 0.6732855902777778 0.5906032986111112 0.03602430555555558 0.06468460648148167
0 0.7138310185185186 0.5977358217592592 0.0721932870370372 0.0786168981481481
0 0.794921875 0.6120008680555555 0.07414641203703698 0.0786313657407407
7 0.8589771412037037 0.6202835648148148 0.05627893518518512 0.07459490740740726