8 0.2529296875 0.388671875 0.1474609375 0.1728515625
7 0.41015625 0.3876953125 0.099609375 0.1650390625
3 0.529296875 0.3974609375 0.1279296875 0.1708984375
2 0.6611328125 0.400390625 0.1357421875 0.1708984375
9 0.2431640625 0.5634765625 0.056640625 0.0732421875
0 0.32421875 0.56640625 0.0595703125 0.072265625
2 0.3818359375 0.5673828125 0.056640625 0.072265625
1 0.640625 0.5673828125 0.0234375 0.0625
0 0.681640625 0.568359375 0.056640625 0.0703125
0 0.7626953125 0.5703125 0.05859375 0.0703125
7 0.826171875 0.5693359375 0.041015625 0.068359375