2 0.21896701388888887 0.49008246527777777 0.18797743055555555 0.28784722222222214
0 0.3819444444444444 0.48278356481481477 0.1800781250000001 0.28382523148148153
2 0.5400173611111111 0.4745804398148148 0.1762586805555555 0.2876736111111111
5 0.7010416666666667 0.46731047453703706 0.1508680555555555 0.28729745370370374
1 0.17760416666666667 0.7827835648148148 0.04149305555555555 0.10995370370370372
2 0.2312717013888889 0.7800347222222223 0.07899305555555552 0.12808159722222223
0 0.33081597222222225 0.7756293402777779 0.08294270833333339 0.13009259259259265
5 0.39717881944444444 0.7726924189814814 0.06536458333333339 0.12983217592592577
1 0.7853515625 0.7444733796296297 0.03185763888888893 0.11566840277777768
1 0.8877821180555556 0.7380714699074074 0.03576388888888893 0.1157262731481481
6 0.9346788194444444 0.738353587962963 0.06731770833333339 0.12986111111111098