2 0.1962890625 0.49609375 0.171875 0.279296875
0 0.3623046875 0.5048828125 0.1640625 0.283203125
2 0.525390625 0.5166015625 0.166015625 0.28125
4 0.6982421875 0.5263671875 0.146484375 0.25390625
1 0.126953125 0.78125 0.037109375 0.103515625
1 0.1962890625 0.787109375 0.037109375 0.10546875
0 0.2763671875 0.791015625 0.076171875 0.12109375
4 0.3505859375 0.7939453125 0.064453125 0.111328125
1 0.7294921875 0.80859375 0.033203125 0.109375
1 0.830078125 0.814453125 0.029296875 0.111328125
5 0.8798828125 0.818359375 0.056640625 0.125