2 0.20439814814814816 0.48422309027777777 0.17787905092592593 0.28580729166666674
0 0.36749131944444446 0.48083043981481477 0.17003761574074083 0.2817853009259259
2 0.5257161458333333 0.47555700231481485 0.16616030092592604 0.2856336805555556
5 0.6868706597222223 0.470240162037037 0.14076967592592604 0.28525752314814823
1 0.14950086805555557 0.7769965277777777 0.037919560185185164 0.10992476851851851
2 0.20321903935185187 0.7752242476851852 0.07515914351851849 0.12805266203703702
0 0.3028356481481481 0.7727719907407408 0.0790798611111112 0.13006365740740744
5 0.3692491319444444 0.7708116319444445 0.061501736111111205 0.1298032407407408
1 0.7580367476851851 0.7494285300925927 0.028182870370370372 0.11368634259259247
1 0.860597511574074 0.7449797453703704 0.03208912037037037 0.11374421296296289
6 0.9084418402777779 0.7452473958333333 0.06345486111111098 0.129832175925926