2 0.1755353009259259 0.48744936342592593 0.2104021990740741 0.30258969907407396
0 0.34063946759259256 0.5148654513888888 0.20053530092592586 0.30005787037037024
1 0.5464554398148148 0.5505714699074075 0.1069155092592593 0.25946180555555554
9 0.6670428240740741 0.5675130208333333 0.1908709490740741 0.30143229166666674
9 0.12451533564814815 0.7724175347222222 0.08460648148148148 0.12962962962962976
0 0.22254050925925925 0.7899811921296296 0.0905671296296296 0.13192997685185182
1 0.30987413194444446 0.805931712962963 0.04668692129629637 0.11180555555555549
1 0.6067635995370371 0.8421368634259259 0.04473379629629637 0.11168981481481488
1 0.6747178819444444 0.8540002893518519 0.04473379629629637 0.11168981481481488
1 0.7746961805555556 0.8716796874999999 0.044936342592592604 0.11559606481481488
2 0.8242476851851852 0.8795138888888889 0.08696469907407423 0.13755787037037037