1 0.40625 0.3359375 0.04921875 0.0578125
9 0.43671875 0.33515625 0.02578125 0.06171875
0 0.47265625 0.33671875 0.02890625 0.06171875
5 0.49609375 0.3375 0.0296875 0.0578125
1 0.52421875 0.3328125 0.02265625 0.05859375
1 0.5453125 0.33359375 0.021875 0.0546875
1 0.58046875 0.3359375 0.0171875 0.06328125
0 0.603125 0.3296875 0.0328125 0.0640625
1 0.3890625 0.440625 0.10234375 0.14921875
1 0.3703125 0.7359375 0.04921875 0.09609375
4 0.4828125 0.43515625 0.0953125 0.13828125
4 0.57265625 0.428125 0.1 0.12890625
9 0.4734375 0.6 0.10546875 0.1765625
7 0.5796875 0.578125 0.0984375 0.165625
5 0.54375 0.73515625 0.06171875 0.1
8 0.59765625 0.740625 0.04921875 0.08515625
0 0.3140625 0.73515625 0.05703125 0.103125