2 0.14630787037037035 0.441015625 0.21574074074074073 0.3203125
0 0.3258998842592593 0.457421875 0.20700810185185184 0.315625
2 0.5011950231481481 0.473828125 0.2031944444444445 0.31875
5 0.6780873842592593 0.4890625 0.1750694444444445 0.31875
1 0.044780092592592594 0.75625 0.04970486111111111 0.121875
2 0.10361400462962962 0.761328125 0.09093171296296294 0.1421875
0 0.2130324074074074 0.773046875 0.09495370370370378 0.14609375
5 0.2866869212962963 0.77890625 0.07696180555555561 0.1453125
1 0.7178732638888888 0.807421875 0.0381712962962963 0.128125
1 0.8312905092592594 0.816015625 0.042077546296296474 0.128125
6 0.8830353009259259 0.823046875 0.07774305555555543 0.1453125